0	1	5.440500	-2.398500
0	2	5.343000	-1.989000
0	3	4.017000	-1.989000
0	4	3.939000	-1.404000
0	5	1.053000	-2.008500
0	6	0.507000	-2.788500
0	7	-1.170000	-2.476500
0	8	-3.003000	0.390000
23	9	6.942000	-2.652000
25	1	4.251000	-2.398500
25	7	-0.078000	-2.788500
25	8	-2.496000	0.234000
26	2	4.095000	-2.008500
32	3	2.808000	-1.794000
32	6	1.950000	-2.905500
34	4	2.535000	-1.248000
37	5	-0.156000	-2.164500
46	9	5.713500	-2.905500
55	1	2.886000	-2.301000
56	6	2.808000	-2.886000
57	2	2.788500	-1.891500
61	7	1.618500	-3.042000
67	8	-1.930500	0.312000
68	3	1.443000	-1.677000
71	5	-1.287000	-2.515500
71	9	4.563000	-2.944500
74	6	3.315000	-2.671500
81	4	0.780000	-1.248000
81	7	2.554500	-3.237000
86	1	1.599000	-2.632500
86	2	1.462500	-2.145000
95	9	3.568500	-2.847000
101	6	4.251000	-1.969500
103	8	-1.384500	0.351000
106	7	3.841500	-3.354000
113	1	0.292500	-2.944500
113	2	0.156000	-2.476500
116	3	-0.409500	-1.501500
119	10	-6.727500	0.097500
121	5	-3.081000	-2.808000
122	9	2.535000	-3.100500
128	4	-1.092000	-1.033500
131	8	-1.189500	0.448500
136	7	5.206500	-3.354000
137	6	5.304000	-0.936000
143	1	-1.189500	-3.061500
146	2	-1.423500	-2.613000
147	9	1.267500	-3.256500
148	10	-5.947500	-0.136500
155	6	5.479500	-0.214500
159	8	-1.228500	0.565500
161	3	-2.106000	-1.482000
167	7	6.805500	-2.905500
170	5	-4.758000	-3.022500
173	1	-2.710500	-3.120000
176	4	-2.808000	-0.877500
177	2	-2.847000	-2.613000
179	9	-0.058500	-3.139500
182	6	5.733000	0.760500
182	10	-4.407000	-0.370500
195	11	-6.825000	0.448500
198	8	-2.086500	0.507000
205	2	-4.212000	-2.769000
206	3	-3.685500	-1.423500
209	1	-4.368000	-3.412500
214	9	-1.599000	-3.217500
216	4	-4.134000	-0.702000
217	11	-5.752500	0.019500
219	6	5.694000	2.028000
219	10	-2.749500	-0.546000
234	8	-2.730000	0.604500
236	2	-5.577000	-2.886000
238	5	-6.903000	-3.022500
242	11	-4.251000	-0.078000
250	3	-5.265000	-1.131000
251	9	-3.198000	-3.100500
255	10	-1.170000	-0.780000
260	4	-5.343000	-0.487500
263	6	5.635500	3.432000
265	1	-6.747000	-3.705000
265	2	-6.825000	-3.081000
268	11	-2.593500	-0.468000
280	8	-3.588000	0.507000
285	3	-6.376500	-0.624000
291	10	0.351000	-0.819000
294	9	-4.992000	-3.022500
294	11	-0.936000	-0.955500
301	4	-6.240000	-0.019500
305	3	-6.903000	-0.331500
320	8	-4.251000	0.487500
322	4	-6.805500	0.292500
324	11	0.975000	-1.560000
326	9	-5.772000	-2.964000
329	12	6.961500	-2.515500
331	13	6.727500	-2.964000
335	10	2.379000	-0.955500
357	11	3.217500	-1.716000
359	13	5.245500	-2.944500
362	12	5.323500	-2.398500
367	8	-4.407000	0.292500
378	10	4.270500	-0.838500
387	13	3.822000	-2.905500
389	11	5.323500	-1.950000
391	12	3.802500	-2.301000
402	8	-4.699500	0.253500
415	11	7.000500	-2.086500
417	13	2.320500	-2.554500
419	10	6.279000	-0.877500
421	12	2.340000	-2.028000
431	8	-5.031000	0.117000
437	10	6.922500	-0.546000
454	13	0.487500	-2.242500
456	14	6.825000	-2.983500
457	12	0.702000	-1.774500
460	15	6.942000	-2.340000
464	8	-5.245500	0.136500
485	15	5.518500	-2.262000
489	14	4.894500	-2.808000
489	16	-6.786000	0.312000
493	13	-1.170000	-1.950000
497	12	-1.131000	-1.482000
503	8	-5.635500	0.058500
516	15	3.705000	-1.969500
519	17	-6.844500	-0.331500
523	14	2.983500	-2.574000
527	16	-6.474000	-0.039000
532	8	-5.674500	0.370500
539	12	-2.769000	-1.072500
539	13	-3.100500	-1.618500
544	17	-6.181500	-0.565500
548	9	-6.084000	-2.847000
549	15	2.028000	-1.716000
555	16	-6.279000	-0.039000
559	14	1.033500	-2.067000
571	17	-5.694000	-0.409500
577	13	-4.914000	-1.501500
578	12	-4.524000	-0.994500
581	15	0.351000	-1.540500
581	18	-6.688500	0.039000
584	9	-6.318000	-2.769000
598	14	-0.975000	-1.872000
598	16	-5.889000	-0.117000
602	17	-5.284500	-0.195000
603	18	-6.571500	-0.253500
605	19	-6.805500	1.248000
607	13	-6.220500	-1.131000
609	12	-5.713500	-0.799500
614	15	-1.248000	-1.248000
618	18	-6.220500	-0.507000
624	13	-6.922500	-0.897000
633	12	-6.415500	-0.877500
634	9	-6.805500	-2.749500
634	18	-5.635500	-0.663000
634	20	-6.766500	-0.429000
636	14	-2.944500	-1.560000
640	15	-2.515500	-1.189500
640	16	-5.284500	-0.039000
641	17	-4.875000	-0.175500
645	19	-6.513000	0.585000
648	12	-7.020000	-0.663000
657	15	-3.159000	-1.170000
657	18	-5.050500	-0.741000
660	20	-6.103500	-0.780000
673	14	-4.602000	-1.443000
673	15	-3.861000	-1.072500
674	17	-4.231500	-0.097500
675	16	-4.446000	0.234000
675	18	-4.543500	-0.741000
678	19	-5.694000	0.039000
680	20	-5.869500	-1.228500
685	15	-4.251000	-1.092000
695	14	-5.538000	-1.462500
695	18	-4.114500	-0.897000
697	15	-4.621500	-1.092000
701	19	-4.816500	-0.078000
708	16	-3.549000	0.351000
710	14	-6.142500	-1.365000
712	17	-3.549000	0.000000
715	15	-5.148000	-1.228500
727	19	-4.036500	-0.039000
730	15	-5.596500	-1.384500
733	14	-6.903000	-0.838500
739	16	-2.710500	0.331500
741	18	-4.192500	-0.975000
741	20	-5.635500	-1.131000
743	15	-6.123000	-1.462500
743	17	-2.652000	-0.214500
754	20	-5.635500	-1.384500
758	15	-6.708000	-1.131000
763	19	-3.100500	-0.175500
764	18	-4.680000	-1.794000
771	15	-6.981000	-0.741000
775	16	-1.638000	0.234000
776	20	-5.752500	-2.086500
777	17	-1.696500	-0.195000
792	18	-5.284500	-2.749500
798	19	-2.008500	-0.156000
801	20	-6.220500	-2.847000
809	17	-0.780000	-0.273000
811	16	-0.702000	0.136500
819	18	-5.811000	-3.705000
827	19	-1.287000	-0.078000
830	20	-6.883500	-3.705000
845	16	0.390000	-0.312000
845	17	0.175500	-0.604500
848	22	-6.708000	1.560000
854	19	-0.682500	-0.175500
855	18	-6.318000	-4.836000
856	21	5.967000	3.471000
880	16	1.579500	-0.838500
883	17	1.345500	-1.033500
885	21	5.830500	2.379000
890	18	-6.688500	-5.265000
890	19	0.273000	-0.370500
894	22	-6.240000	0.702000
916	21	5.401500	1.443000
917	19	1.170000	-0.409500
918	16	2.769000	-1.189500
920	17	2.476500	-1.501500
921	22	-5.577000	-0.039000
930	18	-6.981000	-5.616000
935	8	-5.655000	0.643500
944	21	4.855500	0.682500
948	19	2.008500	-0.604500
949	22	-4.602000	-0.214500
956	16	4.134000	-1.599000
964	17	3.783000	-1.950000
967	8	-5.733000	0.487500
977	21	4.173000	-0.312000
979	19	3.042000	-0.936000
983	22	-3.412500	-0.195000
993	16	5.265000	-1.833000
997	8	-5.850000	0.370500
998	21	3.334500	-0.741000
1003	17	5.265000	-2.359500
1008	19	4.095000	-1.443000
1014	22	-2.008500	-0.234000
1021	21	2.067000	-0.994500
1035	8	-5.986500	0.175500
1040	19	5.382000	-1.774500
1044	16	6.805500	-2.008500
1048	22	-0.585000	-0.429000
1051	21	0.429000	-1.189500
1056	17	6.844500	-2.476500
1076	23	6.922500	-0.175500
1077	19	7.000500	-1.833000
1081	22	0.838500	-0.760500
1083	21	-1.306500	-1.443000
1094	24	6.961500	-3.237000
1100	25	6.922500	-2.808000
1101	23	5.850000	-0.448500
1107	22	2.008500	-0.936000
1119	21	-3.334500	-1.579500
1125	24	5.362500	-3.217500
1129	23	4.465500	-0.487500
1130	25	5.226000	-2.749500
1137	22	3.412500	-1.189500
1150	21	-5.070000	-1.560000
1154	22	4.173000	-1.326000
1157	26	-6.805500	-2.964000
1161	23	3.139500	-0.838500
1163	24	3.490500	-3.451500
1167	25	3.295500	-2.593500
1183	26	-5.362500	-2.652000
1184	21	-6.747000	-1.345500
1197	23	1.599000	-1.053000
1197	24	1.852500	-3.315000
1204	8	-5.655000	-0.058500
1205	26	-4.251000	-2.242500
1207	22	6.727500	-1.872000
1211	25	1.209000	-2.476500
1225	26	-3.120000	-1.989000
1230	23	0.097500	-1.443000
1231	8	-5.128500	0.078000
1244	24	-0.370500	-3.178500
1251	26	-1.813500	-1.560000
1254	25	-0.760500	-2.398500
1257	23	-1.033500	-1.852500
1266	8	-4.309500	0.117000
1272	26	-0.760500	-1.443000
1285	24	-2.184000	-3.139500
1293	23	-2.515500	-1.950000
1299	25	-2.730000	-2.496000
1299	26	0.565500	-1.443000
1301	8	-3.549000	0.195000
1304	27	6.883500	0.019500
1325	27	5.811000	-0.195000
1329	24	-4.173000	-3.159000
1329	26	1.989000	-1.774500
1332	23	-4.270500	-2.028000
1347	25	-4.797000	-2.535000
1348	27	4.582500	-0.468000
1349	8	-2.886000	0.234000
1359	26	3.490500	-2.320500
1367	23	-5.694000	-2.184000
1367	27	3.432000	-0.682500
1383	24	-6.825000	-3.334500
1384	26	4.894500	-2.671500
1389	27	2.145000	-0.780000
1390	25	-6.805500	-2.788500
1391	23	-6.883500	-2.320500
1396	8	-2.496000	0.390000
1417	26	6.844500	-2.847000
1420	27	0.429000	-0.643500
1430	8	-2.671500	0.331500
1452	27	-1.540500	-0.546000
1474	8	-3.315000	0.214500
1484	27	-3.334500	-0.390000
1513	8	-3.880500	0.136500
1516	27	-5.050500	-0.019500
1535	27	-5.850000	0.429000
1551	28	-6.864000	-1.618500
1551	29	-6.864000	-0.916500
1559	8	-4.563000	0.175500
1561	30	6.825000	-1.891500
1564	27	-6.591000	1.209000
1566	31	6.766500	-2.554500
1576	28	-5.674500	-1.638000
1582	8	-4.777500	0.195000
1585	27	-6.883500	1.735500
1585	30	5.343000	-1.911000
1586	29	-5.265000	-1.033500
1594	31	5.031000	-2.379000
1607	28	-4.251000	-1.716000
1610	30	3.919500	-1.774500
1621	31	3.432000	-2.379000
1623	8	-5.128500	0.195000
1627	29	-3.334500	-1.053000
1634	30	2.554500	-1.755000
1643	28	-2.515500	-1.677000
1648	31	1.872000	-2.437500
1659	30	1.131000	-1.911000
1663	32	-6.844500	-2.320500
1663	33	-6.903000	-1.657500
1665	29	-1.501500	-1.111500
1668	8	-5.518500	0.039000
1671	31	0.643500	-2.457000
1672	28	-1.131000	-1.716000
1678	30	0.078000	-2.028000
1690	33	-5.713500	-1.638000
1692	32	-5.499000	-2.262000
1693	31	-0.507000	-2.613000
1694	30	-0.721500	-2.028000
1701	29	0.234000	-1.072500
1702	28	0.234000	-1.677000
1716	30	-1.930500	-1.989000
1718	33	-4.446000	-1.560000
1721	31	-1.911000	-2.925000
1722	32	-4.153500	-2.184000
1738	29	1.969500	-1.189500
1741	28	2.125500	-1.755000
1741	30	-3.100500	-2.242500
1741	33	-3.510000	-1.248000
1743	32	-3.471000	-1.813500
1744	8	-5.362500	0.000000
1746	31	-3.237000	-3.022500
1761	32	-2.847000	-1.618500
1765	33	-2.496000	-1.092000
1770	30	-4.543500	-2.340000
1773	31	-4.777500	-2.944500
1775	28	3.919500	-2.106000
1777	29	4.036500	-1.462500
1788	32	-2.047500	-1.618500
1789	33	-2.106000	-0.955500
1795	8	-4.894500	-0.019500
1808	28	5.635500	-2.320500
1809	31	-6.727500	-2.964000
1814	30	-6.883500	-2.223000
1819	34	-6.844500	0.136500
1830	29	6.844500	-1.794000
1832	28	6.844500	-2.515500
1846	34	-6.376500	-0.078000
1854	35	-6.786000	-0.936000
1882	34	-5.713500	-0.546000
1888	32	-1.735500	-1.501500
1892	8	-5.362500	0.117000
1895	35	-5.986500	-1.267500
1912	32	-1.423500	-1.423500
1921	34	-5.148000	-0.702000
1925	35	-5.343000	-1.248000
1927	8	-6.006000	-0.058500
1957	35	-4.894500	-1.228500
1961	33	-1.930500	-0.877500
1961	34	-4.348500	-0.760500
1964	8	-6.942000	0.039000
1973	32	-1.150500	-1.345500
1985	33	-1.365000	-0.897000
1990	35	-4.251000	-1.111500
2001	32	-0.585000	-1.599000
2002	34	-3.685500	-0.526500
2010	33	-0.409500	-1.131000
2025	36	-6.981000	-1.228500
2030	32	0.448500	-1.794000
2030	35	-3.627000	-0.936000
2044	33	0.994500	-1.228500
2047	36	-5.479500	-1.599000
2057	32	1.579500	-1.989000
2066	34	-3.451500	-0.312000
2066	35	-3.256500	-0.897000
2067	36	-4.231500	-1.794000
2075	37	6.922500	-1.852500
2086	33	2.710500	-1.384500
2087	32	2.808000	-2.106000
2092	37	5.869500	-1.521000
2094	36	-2.535000	-1.989000
2101	34	-2.437500	-0.292500
2109	35	-2.028000	-1.033500
2113	32	3.919500	-2.125500
2114	37	4.680000	-1.209000
2116	33	3.880500	-1.599000
2119	36	-0.858000	-2.145000
2136	37	3.471000	-0.897000
2141	34	-1.033500	-0.468000
2147	35	-0.897000	-1.287000
2150	36	1.267500	-2.359500
2157	37	2.320500	-0.741000
2173	32	6.864000	-2.535000
2178	36	3.295500	-2.554500
2181	33	6.844500	-1.833000
2182	34	0.234000	-0.799500
2182	37	0.994500	-0.390000
2193	35	0.370500	-1.677000
2212	37	-0.643500	-0.175500
2224	36	6.708000	-3.081000
2228	34	1.657500	-1.131000
2233	35	1.501500	-2.008500
2241	37	-2.164500	-0.058500
2274	37	-4.017000	0.136500
2279	35	3.022500	-2.359500
2291	34	3.276000	-1.306500
2305	37	-5.460000	0.448500
2331	37	-6.357000	0.721500
2342	34	4.465500	-1.579500
2347	35	4.992000	-2.340000
2395	37	-6.591000	1.716000
2416	34	6.727500	-1.989000
2416	35	6.805500	-2.788500
2521	38	6.805500	-1.950000
2526	39	6.805500	-1.521000
2550	38	5.479500	-1.813500
2554	39	5.499000	-1.365000
2588	39	3.549000	-1.131000
2590	38	3.393000	-1.735500
2630	39	1.521000	-0.994500
2632	38	1.384500	-1.677000
2673	39	-0.468000	-1.014000
2675	38	-0.741000	-1.638000
2707	39	-1.989000	-0.936000
2713	38	-2.593500	-1.969500
2738	38	-3.783000	-2.281500
2745	39	-3.900000	-1.443000
2769	38	-5.304000	-2.496000
2772	39	-5.226000	-1.755000
2798	38	-6.805500	-2.652000
2805	39	-6.883500	-1.989000
2871	40	6.864000	-2.476500
2879	41	6.942000	-2.145000
2900	40	5.499000	-2.320500
2909	41	5.674500	-1.969500
2933	40	4.095000	-2.145000
2934	42	-6.903000	-0.916500
2941	41	4.251000	-1.716000
2964	42	-5.382000	-0.975000
2970	40	2.320500	-2.008500
2981	41	2.652000	-1.501500
2998	42	-3.802500	-0.897000
3004	40	0.897000	-1.774500
3018	41	1.150500	-1.599000
3026	43	6.883500	-1.872000
3035	42	-2.164500	-0.877500
3039	44	-6.786000	-1.638000
3041	45	-6.864000	-2.223000
3044	40	-0.819000	-1.521000
3053	41	-0.156000	-1.404000
3055	43	5.070000	-1.755000
3067	44	-5.538000	-1.696500
3069	45	-5.421000	-2.457000
3075	42	-0.292500	-0.858000
3081	40	-2.262000	-1.443000
3085	43	3.315000	-1.950000
3088	41	-1.540500	-1.287000
3100	44	-3.939000	-1.833000
3104	45	-3.841500	-2.515500
3111	42	1.365000	-0.877500
3113	43	1.540500	-1.872000
3126	40	-3.939000	-1.170000
3126	46	-6.727500	-2.359500
3126	47	-6.766500	-2.964000
3127	41	-3.061500	-1.053000
3134	44	-2.242500	-1.989000
3143	45	-1.911000	-2.691000
3145	43	-0.390000	-1.521000
3151	42	3.139500	-1.072500
3154	46	-5.304000	-2.262000
3159	47	-5.440500	-2.788500
3165	41	-4.387500	-0.799500
3166	40	-5.284500	-0.721500
3171	44	-0.526500	-2.067000
3176	43	-2.301000	-1.365000
3181	42	4.699500	-1.287000
3185	45	0.136500	-2.710500
3185	46	-3.841500	-2.086500
3190	48	-6.747000	-2.808000
3200	47	-3.588000	-2.788500
3201	40	-6.571500	-0.136500
3203	41	-5.616000	-0.487500
3205	42	5.811000	-1.404000
3207	43	-4.212000	-1.267500
3207	49	6.825000	-2.710500
3208	44	1.326000	-2.164500
3208	50	6.903000	-1.989000
3218	48	-5.440500	-2.905500
3224	40	-7.039500	0.312000
3224	46	-2.106000	-2.106000
3226	42	6.805500	-1.638000
3229	45	2.106000	-3.159000
3230	50	5.733000	-1.716000
3233	49	5.460000	-2.496000
3238	47	-1.774500	-2.847000
3239	44	2.769000	-2.418000
3243	41	-6.864000	0.058500
3251	43	-6.961500	-1.287000
3254	48	-3.900000	-2.925000
3257	50	4.426500	-1.560000
3259	46	-0.331500	-2.301000
3263	45	3.802500	-3.315000
3267	49	3.646500	-2.125500
3269	44	4.270500	-2.691000
3277	47	0.175500	-2.944500
3294	48	-2.086500	-2.964000
3294	50	2.730000	-1.209000
3296	45	5.518500	-3.354000
3298	46	1.443000	-2.359500
3306	49	1.852500	-1.696500
3319	47	2.184000	-2.925000
3323	44	6.903000	-2.613000
3325	45	6.942000	-3.217500
3328	48	-0.585000	-2.964000
3335	46	3.276000	-2.379000
3336	51	-6.844500	-2.964000
3339	50	0.526500	-1.014000
3345	49	0.097500	-1.852500
3363	51	-5.343000	-2.983500
3367	53	-6.903000	-0.039000
3369	47	4.485000	-2.866500
3369	48	1.404000	-2.925000
3374	52	-6.805500	-2.301000
3379	50	-1.267500	-0.877500
3380	49	-1.579500	-1.638000
3392	53	-5.772000	-0.253500
3395	51	-3.802500	-3.081000
3397	52	-5.616000	-2.379000
3407	49	-2.730000	-1.384500
3408	48	3.354000	-2.925000
3409	46	6.961500	-2.340000
3412	50	-2.788500	-0.682500
3418	53	-4.426500	-0.273000
3425	47	6.961500	-2.983500
3430	52	-3.919500	-2.515500
3432	51	-1.911000	-3.237000
3440	49	-4.309500	-1.014000
3448	48	5.265000	-3.061500
3448	50	-4.231500	-0.585000
3449	53	-2.944500	-0.351000
3463	51	-0.195000	-3.295500
3470	52	-1.716000	-2.632500
3476	53	-1.560000	-0.819000
3480	49	-6.045000	-0.507000
3481	48	6.883500	-3.139500
3481	50	-5.557500	-0.097500
3502	49	-6.786000	-0.039000
3502	51	1.950000	-3.334500
3506	52	0.351000	-2.593500
3510	53	0.273000	-1.306500
3513	50	-6.532500	0.370500
3542	52	2.574000	-2.710500
3542	53	1.989000	-1.521000
3572	54	6.922500	-2.398500
3575	53	3.744000	-2.028000
3576	52	4.504500	-2.847000
3584	55	6.883500	-1.852500
3584	56	-6.825000	1.189500
3588	51	6.942000	-3.510000
3597	54	6.298500	-2.164500
3604	53	5.245500	-2.496000
3615	52	6.825000	-3.237000
3618	55	6.591000	-2.320500
3618	56	-6.376500	0.253500
3625	53	6.571500	-2.886000
3625	58	6.922500	-1.813500
3628	54	6.123000	-1.891500
3633	53	6.922500	-2.944500
3640	55	5.772000	-2.593500
3645	56	-5.304000	-0.234000
3647	58	6.142500	-1.482000
3649	59	6.922500	-2.047500
3652	54	5.343000	-1.833000
3659	57	-6.864000	-0.429000
3665	55	4.524000	-2.515500
3672	56	-4.134000	-0.448500
3672	58	4.875000	-1.131000
3676	54	4.270500	-1.872000
3683	59	5.323500	-1.501500
3688	57	-5.713500	-1.306500
3696	55	3.120000	-2.457000
3700	58	3.588000	-0.955500
3704	56	-2.827500	-0.546000
3705	54	2.788500	-1.833000
3705	59	4.251000	-1.404000
3712	57	-4.504500	-1.677000
3729	58	2.496000	-0.760500
3730	55	1.540500	-2.457000
3730	59	3.120000	-1.326000
3737	56	-1.287000	-0.721500
3738	57	-3.315000	-2.320500
3743	54	1.170000	-1.911000
3754	59	2.145000	-1.150500
3758	58	1.540500	-0.448500
3758	60	-6.747000	-2.281500
3760	55	0.253500	-2.359500
3763	61	-6.747000	-2.710500
3763	62	-6.688500	-3.237000
3768	57	-1.950000	-2.847000
3769	56	0.019500	-1.170000
3777	54	-0.253500	-1.813500
3781	59	1.053000	-0.604500
3785	60	-5.616000	-2.340000
3789	58	0.292500	-0.097500
3791	62	-5.538000	-3.178500
3792	61	-5.479500	-2.788500
3793	57	-0.546000	-3.042000
3802	56	1.618500	-1.306500
3804	63	6.981000	-3.354000
3813	55	-1.930500	-2.301000
3815	59	-0.487500	-0.604500
3817	63	6.435000	-3.432000
3818	54	-1.872000	-1.540500
3818	60	-4.270500	-2.340000
3819	58	-1.150500	-0.058500
3820	62	-4.290000	-3.373500
3823	57	1.014000	-2.691000
3830	61	-3.958500	-2.886000
3835	63	5.674500	-3.432000
3837	56	3.354000	-1.501500
3840	55	-3.061500	-2.086500
3848	62	-3.100500	-3.373500
3849	58	-2.593500	-0.078000
3849	60	-2.983500	-2.379000
3851	57	2.496000	-2.398500
3852	54	-3.393000	-1.462500
3852	59	-2.086500	-0.624000
3856	63	4.992000	-3.705000
3859	64	6.922500	-2.866500
3870	55	-4.368000	-2.223000
3870	61	-2.262000	-2.905500
3873	56	5.089500	-1.696500
3876	64	6.259500	-3.276000
3878	60	-1.735500	-2.281500
3879	63	4.368000	-4.114500
3881	57	3.744000	-2.145000
3884	54	-4.777500	-1.657500
3886	62	-1.287000	-3.159000
3890	58	-4.446000	0.000000
3897	59	-4.056000	-0.741000
3903	55	-5.869500	-2.535000
3903	64	5.284500	-3.568500
3904	63	3.822000	-4.504500
3909	56	6.942000	-2.008500
3910	60	-0.390000	-2.145000
3917	57	5.557500	-2.164500
3921	61	-0.136500	-2.632500
3922	62	0.156000	-2.964000
3924	55	-6.903000	-2.671500
3930	59	-5.557500	-0.877500
3935	54	-6.922500	-2.125500
3935	64	4.504500	-4.231500
3937	63	3.510000	-5.284500
3942	58	-6.864000	-0.487500
3946	57	6.903000	-2.515500
3947	60	1.267500	-1.969500
3958	59	-6.844500	-1.131000
3967	64	3.724500	-5.050500
3969	62	2.320500	-2.964000
3970	61	2.164500	-2.554500
3971	63	3.159000	-5.811000
3985	60	3.100500	-1.930500
4005	62	3.958500	-2.886000
4005	64	3.042000	-5.791500
4013	65	4.699500	4.387500
4013	66	5.382000	4.368000
4014	61	4.290000	-2.515500
4054	65	5.031000	3.276000
4056	66	5.440500	3.607500
4065	60	6.766500	-1.774500
4068	61	6.844500	-2.398500
4068	62	6.922500	-2.886000
4102	66	5.674500	2.457000
4103	65	5.011500	2.281500
4145	66	5.713500	1.501500
4171	65	5.031000	0.858000
4195	66	5.694000	0.331500
4204	65	4.836000	0.078000
4223	66	5.362500	-0.370500
4227	65	4.485000	-0.370500
4249	66	4.602000	-0.955500
4261	65	3.568500	-0.741000
4280	66	3.373500	-1.209000
4298	65	2.301000	-0.702000
4313	67	6.903000	0.000000
4326	66	1.501500	-1.150500
4335	65	1.072500	-0.468000
4346	67	5.557500	-0.234000
4351	68	-6.903000	-2.398500
4355	69	-6.786000	-3.354000
4369	66	-0.195000	-0.858000
4371	67	4.563000	-0.604500
4374	68	-5.967000	-2.301000
4385	65	-0.663000	-0.117000
4385	69	-4.641000	-3.276000
4402	68	-4.816500	-2.340000
4407	67	2.964000	-0.877500
4410	66	-1.657500	-0.604500
4411	69	-2.925000	-3.178500
4423	65	-2.047500	0.039000
4431	68	-3.646500	-2.398500
4439	67	1.579500	-0.741000
4443	69	-0.760500	-3.178500
4455	70	-2.476500	-1.891500
4456	66	-3.315000	-0.468000
4466	68	-2.281500	-2.457000
4468	67	0.312000	-0.448500
4471	65	-3.685500	0.195000
4473	69	1.443000	-3.120000
4489	70	-1.072500	-1.930500
4499	68	-0.760500	-2.515500
4503	69	3.744000	-3.081000
4515	65	-5.245500	0.078000
4516	66	-5.304000	-0.487500
4519	67	-1.872000	-0.390000
4526	70	0.331500	-1.911000
4529	71	-6.903000	-1.033500
4532	68	0.468000	-2.379000
4545	69	6.903000	-3.003000
4553	71	-5.928000	-1.716000
4558	70	1.443000	-1.833000
4560	67	-3.588000	-0.253500
4567	65	-6.805500	0.448500
4567	66	-6.825000	-0.234000
4567	68	1.755000	-2.437500
4580	71	-4.855500	-2.418000
4594	70	2.379000	-1.618500
4601	68	2.769000	-2.320500
4615	71	-3.666000	-3.217500
4620	68	3.295500	-2.106000
4621	67	-5.928000	-0.273000
4621	70	3.003000	-1.443000
4640	70	3.451500	-1.306500
4645	67	-6.864000	-0.136500
4655	68	4.056000	-1.677000
4665	72	-6.805500	-2.281500
4677	70	4.387500	-0.858000
4684	68	4.777500	-1.287000
4701	72	-4.855500	-2.106000
4715	70	5.031000	-0.331500
4718	68	5.830500	-0.721500
4735	72	-3.159000	-2.398500
4745	73	6.903000	-1.794000
4750	74	6.922500	-1.384500
4751	68	6.844500	-0.370500
4752	70	5.947500	-0.097500
4768	73	5.596500	-1.891500
4777	72	-1.053000	-2.281500
4782	74	5.304000	-1.306500
4785	70	6.883500	0.331500
4798	73	4.095000	-2.106000
4807	72	0.487500	-2.203500
4820	74	3.237000	-1.209000
4824	75	6.864000	-2.028000
4834	73	2.184000	-1.735500
4841	72	2.203500	-2.418000
4849	75	5.206500	-1.833000
4860	74	1.150500	-1.189500
4874	73	0.117000	-1.950000
4879	75	3.373500	-1.501500
4882	72	4.270500	-2.164500
4905	74	-1.150500	-1.228500
4910	73	-1.638000	-2.320500
4911	75	1.521000	-1.209000
4933	72	6.883500	-1.833000
4946	75	-0.409500	-0.877500
4947	74	-3.432000	-1.384500
4948	73	-3.588000	-2.476500
4982	74	-5.070000	-1.618500
5001	76	6.864000	-2.437500
5015	73	-6.883500	-2.866500
5019	74	-6.825000	-1.716000
5019	75	-4.465500	-0.312000
5026	77	6.922500	0.604500
5035	76	5.635500	-2.418000
5044	78	6.922500	0.292500
5049	77	6.220500	0.000000
5054	75	-6.220500	0.292500
5061	79	-6.805500	-2.398500
5066	78	6.435000	-0.331500
5067	76	5.284500	-2.476500
5078	75	-6.844500	0.897000
5078	77	5.655000	-0.448500
5089	79	-5.538000	-2.223000
5093	81	6.942000	0.078000
5094	80	-6.825000	-2.437500
5097	78	5.791500	-1.111500
5100	82	6.942000	-0.624000
5107	76	4.738500	-2.476500
5113	77	5.089500	-0.916500
5115	85	-6.864000	-3.237000
5122	80	-5.479500	-2.242500
5125	78	5.050500	-1.501500
5125	81	5.967000	-0.078000
5129	79	-3.939000	-2.301000
5130	82	6.240000	-0.585000
5130	83	-6.883500	-0.117000
5143	85	-5.967000	-3.256500
5150	77	4.270500	-0.994500
5150	84	-6.844500	-0.877500
5155	80	-3.997500	-2.125500
5156	76	3.802500	-2.457000
5160	81	5.245500	-0.273000
5160	83	-5.928000	-0.799500
5161	78	4.017000	-1.579500
5165	82	5.479500	-0.955500
5172	79	-2.086500	-2.554500
5177	84	-5.694000	-1.345500
5194	81	4.309500	-0.682500
5194	83	-4.680000	-1.092000
5196	76	2.613000	-2.281500
5196	77	3.061500	-1.092000
5197	78	2.886000	-1.560000
5197	80	-2.145000	-2.086500
5202	82	4.095000	-1.404000
5206	84	-4.563000	-1.462500
5208	85	-5.733000	-3.217500
5210	79	-0.468000	-2.769000
5225	81	3.451500	-0.897000
5229	78	2.184000	-1.579500
5233	80	-0.643500	-2.593500
5235	83	-2.905500	-1.618500
5237	84	-3.276000	-1.989000
5240	82	3.100500	-2.028000
5243	76	1.267500	-2.086500
5245	77	1.950000	-0.877500
5250	79	1.287000	-2.788500
5255	81	2.652000	-1.267500
5268	82	2.418000	-2.262000
5268	84	-2.047500	-2.457000
5270	80	0.331500	-2.964000
5272	83	-1.521000	-2.125500
5273	85	-5.440500	-3.120000
5278	78	1.111500	-1.384500
5281	81	1.989000	-1.716000
5285	86	-6.883500	-2.671500
5286	76	0.312000	-1.794000
5289	79	2.925000	-2.730000
5295	77	0.955500	-0.721500
5298	82	1.540500	-2.437500
5300	84	-0.819000	-2.964000
5307	80	1.404000	-3.198000
5307	83	-0.136500	-2.632500
5310	85	-4.173000	-3.022500
5313	86	-5.499000	-2.632500
5315	87	-6.844500	-2.554500
5315	88	-6.805500	-2.086500
5318	89	6.903000	-0.019500
5319	81	0.936000	-1.657500
5330	78	0.019500	-0.975000
5332	76	-0.526500	-1.599000
5334	79	4.875000	-2.223000
5334	82	0.351000	-2.398500
5336	80	2.652000	-3.295500
5336	84	0.682500	-3.295500
5339	77	0.097500	-0.136500
5340	90	4.173000	4.504500
5341	86	-4.329000	-2.749500
5342	89	5.713500	-0.273000
5343	83	1.287000	-3.003000
5346	87	-5.401500	-2.535000
5346	88	-5.167500	-2.008500
5347	85	-2.262000	-3.198000
5357	81	-0.195000	-1.891500
5363	78	-0.721500	-0.760500
5364	89	4.524000	-0.585000
5369	84	2.398500	-3.510000
5373	91	6.805500	-2.145000
5373	92	6.883500	-3.061500
5374	86	-2.886000	-2.866500
5375	82	-1.053000	-2.476500
5377	80	4.621500	-3.393000
5378	79	6.298500	-1.677000
5378	83	2.866500	-3.003000
5378	87	-3.939000	-2.593500
5379	76	-1.560000	-1.267500
5380	77	-0.721500	0.097500
5380	93	6.883500	-2.476500
5381	90	4.134000	3.705000
5382	88	-3.627000	-2.125500
5385	85	-0.507000	-3.061500
5393	89	2.983500	-0.838500
5398	79	6.942000	-1.618500
5398	81	-1.501500	-1.813500
5399	84	3.919500	-3.393000
5402	86	-1.891500	-3.100500
5403	78	-1.579500	-0.468000
5406	92	5.440500	-2.769000
5408	88	-2.652000	-2.457000
5409	83	4.075500	-2.905500
5409	93	5.694000	-2.496000
5409	94	6.844500	-2.905500
5410	87	-2.691000	-2.866500
5412	91	5.265000	-1.950000
5413	82	-2.145000	-2.242500
5415	77	-1.599000	0.195000
5415	95	6.864000	-2.262000
5421	80	6.825000	-3.490500
5424	88	-2.028000	-2.418000
5424	89	1.326000	-0.507000
5428	96	-6.825000	-3.471000
5429	84	4.933500	-3.490500
5430	97	-6.727500	-2.691000
5435	83	5.089500	-2.925000
5437	94	5.694000	-2.593500
5438	76	-3.042000	-0.877500
5439	87	-1.482000	-2.886000
5440	86	-0.429000	-2.905500
5445	82	-3.393000	-2.203500
5446	93	4.231500	-2.125500
5447	95	5.577000	-1.989000
5448	81	-3.139500	-1.657500
5448	88	-1.053000	-2.301000
5448	92	3.685500	-2.593500
5449	78	-2.418000	-0.214500
5450	91	3.529500	-1.657500
5452	84	5.694000	-3.666000
5454	89	-0.195000	-0.195000
5456	77	-2.320500	0.312000
5458	90	4.114500	2.866500
5459	96	-5.304000	-3.412500
5463	83	6.240000	-2.749500
5466	97	-5.089500	-2.769000
5468	94	4.563000	-2.281500
5473	87	-0.273000	-2.691000
5475	86	0.897000	-3.022500
5478	89	-1.267500	0.136500
5479	84	6.883500	-3.510000
5479	88	0.039000	-2.242500
5480	83	6.942000	-2.671500
5481	93	2.866500	-1.989000
5482	82	-4.894500	-2.437500
5483	95	4.251000	-1.735500
5488	81	-4.855500	-1.716000
5490	85	4.563000	-3.120000
5490	90	4.173000	2.067000
5490	92	2.008500	-2.184000
5493	78	-3.354000	-0.156000
5493	91	1.872000	-1.462500
5496	77	-3.256500	0.507000
5501	96	-3.276000	-3.412500
5502	88	0.780000	-2.359500
5502	89	-2.359500	0.468000
5502	97	-3.510000	-2.808000
5503	94	3.237000	-2.028000
5512	86	2.535000	-3.100500
5513	76	-4.114500	-0.975000
5514	87	1.228500	-2.925000
5518	93	1.443000	-1.657500
5521	81	-6.142500	-2.028000
5521	88	1.560000	-2.476500
5521	95	2.827500	-1.423500
5528	89	-3.354000	0.507000
5531	78	-4.309500	-0.078000
5533	82	-6.844500	-2.749500
5536	90	4.290000	0.877500
5538	77	-4.485000	0.643500
5539	97	-1.852500	-2.671500
5540	91	0.214500	-1.365000
5541	85	6.961500	-3.061500
5542	81	-6.922500	-2.281500
5542	92	0.331500	-2.008500
5542	94	1.755000	-1.618500
5545	96	-1.267500	-3.139500
5552	86	4.348500	-3.061500
5552	88	2.847000	-2.223000
5554	87	3.100500	-2.827500
5556	95	1.696500	-0.877500
5557	93	0.214500	-1.579500
5560	89	-4.348500	0.487500
5567	78	-5.362500	-0.039000
5570	97	-0.195000	-2.554500
5575	76	-5.557500	-1.131000
5575	92	-0.682500	-2.086500
5575	94	0.487500	-0.994500
5576	91	-0.916500	-1.501500
5578	90	4.329000	-0.234000
5582	88	4.251000	-2.028000
5583	77	-5.733000	0.643500
5588	89	-5.050500	0.565500
5591	87	4.855500	-2.574000
5591	95	0.078000	-0.292500
5592	96	1.092000	-3.061500
5595	93	-0.955500	-1.579500
5603	90	3.978000	-0.604500
5603	97	1.287000	-2.496000
5606	86	6.805500	-3.003000
5607	94	-0.994500	-0.780000
5608	78	-6.337500	0.097500
5612	92	-1.872000	-2.476500
5613	88	5.655000	-1.696500
5618	76	-6.669000	-1.326000
5620	91	-2.340000	-1.638000
5621	89	-5.869500	0.624000
5623	95	-1.306500	-0.097500
5626	90	3.081000	-0.760500
5627	77	-6.747000	0.526500
5629	78	-6.922500	0.000000
5633	87	6.805500	-2.125500
5634	93	-1.969500	-1.872000
5638	88	6.883500	-1.560000
5643	94	-2.671500	-0.487500
5645	97	3.354000	-2.496000
5647	92	-3.061500	-2.788500
5651	96	3.880500	-3.061500
5652	90	2.184000	-0.526500
5654	89	-6.669000	1.365000
5658	93	-2.925000	-2.106000
5662	95	-3.003000	0.039000
5668	89	-6.903000	2.145000
5672	91	-3.958500	-1.501500
5675	90	1.404000	-0.175500
5679	92	-4.017000	-2.730000
5679	94	-4.290000	-0.487500
5695	93	-4.173000	-2.223000
5704	90	0.487500	0.156000
5705	95	-4.680000	0.078000
5709	94	-5.655000	-0.292500
5710	98	6.844500	-3.549000
5714	96	6.864000	-3.003000
5715	91	-5.304000	-1.716000
5718	97	6.942000	-2.710500
5722	92	-5.440500	-2.866500
5735	93	-5.752500	-2.340000
5738	90	-0.682500	0.117000
5740	95	-5.752500	0.273000
5743	98	5.382000	-3.276000
5747	94	-6.766500	0.117000
5766	91	-6.864000	-2.145000
5767	92	-6.922500	-2.964000
5774	90	-1.930500	0.058500
5779	95	-6.474000	0.838500
5783	93	-6.864000	-2.535000
5789	98	3.412500	-3.295500
5816	95	-6.571500	1.423500
5817	90	-3.315000	0.078000
5822	98	1.989000	-3.373500
5856	99	-6.727500	-0.877500
5858	100	-6.844500	-1.579500
5872	90	-4.914000	0.039000
5881	98	-0.331500	-3.217500
5891	99	-5.401500	-0.897000
5897	100	-5.538000	-1.657500
5915	101	6.805500	-2.379000
5916	90	-5.947500	0.351000
5935	98	-2.710500	-3.471000
5941	100	-3.724500	-1.794000
5946	99	-3.373500	-1.053000
5946	101	4.738500	-2.418000
5971	90	-6.610500	1.287000
5975	102	6.961500	-2.769000
5979	98	-4.777500	-3.334500
5984	101	2.320500	-2.788500
5989	100	-1.735500	-1.930500
5995	99	-1.404000	-1.170000
6008	102	4.485000	-2.515500
6024	98	-6.766500	-3.432000
6030	101	-0.780000	-2.964000
6037	100	0.273000	-2.028000
6044	99	0.741000	-1.209000
6044	102	2.203500	-2.652000
6071	103	-6.864000	0.136500
6071	104	-6.649500	0.936000
6076	101	-3.646500	-2.847000
6083	102	-0.312000	-2.574000
6091	100	2.769000	-1.794000
6092	99	2.866500	-1.092000
6098	104	-5.733000	0.390000
6099	103	-5.908500	-0.312000
6125	101	-6.825000	-2.866500
6131	99	4.075500	-0.975000
6132	104	-4.348500	-0.078000
6132	105	6.903000	-2.281500
6134	103	-4.290000	-0.975000
6136	106	6.922500	-3.003000
6137	100	4.719000	-1.560000
6139	102	-3.939000	-2.769000
6158	105	5.382000	-2.086500
6166	106	5.089500	-2.905500
6168	99	5.479500	-0.429000
6172	103	-2.535000	-1.111500
6177	100	6.220500	-0.780000
6178	104	-2.242500	-0.507000
6181	102	-6.864000	-2.866500
6196	105	3.198000	-2.145000
6198	100	6.903000	-0.507000
6203	99	6.825000	0.312000
6209	106	2.574000	-2.847000
6217	103	-0.546000	-1.540500
6218	104	-0.253500	-0.799500
6240	105	0.585000	-2.203500
6251	106	0.156000	-2.808000
6259	104	1.618500	-0.916500
6269	103	2.086500	-1.657500
6279	107	-6.942000	-3.588000
6284	105	-1.755000	-1.833000
6289	108	-6.864000	-3.100500
6295	104	3.315000	-1.092000
6299	106	-2.203500	-2.613000
6308	103	3.841500	-2.086500
6311	107	-5.226000	-3.627000
6320	108	-5.304000	-3.120000
6324	105	-3.802500	-1.521000
6334	104	5.031000	-1.735500
6339	106	-4.524000	-2.340000
6360	107	-2.827500	-3.549000
6363	105	-5.908500	-1.599000
6369	108	-2.788500	-2.983500
6371	103	6.766500	-2.632500
6377	104	6.864000	-1.930500
6382	105	-6.883500	-1.716000
6383	106	-6.922500	-2.437500
6396	109	-6.786000	-2.827500
6398	110	-6.747000	-3.529500
6406	107	-0.721500	-3.432000
6422	108	-0.175500	-2.788500
6427	109	-5.382000	-2.827500
6436	110	-4.914000	-3.393000
6453	107	1.755000	-3.373500
6479	108	2.827500	-2.691000
6480	111	6.825000	-1.306500
6488	110	-2.476500	-3.354000
6491	107	3.763500	-3.334500
6506	112	6.922500	-2.047500
6509	111	5.596500	-0.975000
6519	113	6.922500	-1.384500
6527	108	5.226000	-2.710500
6529	109	-0.604500	-2.710500
6530	114	-6.727500	-0.526500
6530	115	-6.825000	0.058500
6530	116	-6.766500	-2.613000
6536	112	5.733000	-1.599000
6541	111	4.407000	-0.916500
6550	113	5.791500	-1.053000
6551	107	6.844500	-3.646500
6553	110	0.409500	-3.315000
6553	115	-5.655000	0.019500
6555	108	6.727500	-2.710500
6559	114	-5.557500	-0.643500
6562	111	3.997500	-0.955500
6569	112	4.153500	-1.677000
6570	116	-5.206500	-2.437500
6580	113	4.563000	-1.092000
6583	115	-4.251000	-0.097500
6586	111	3.022500	-0.975000
6596	114	-3.997500	-0.741000
6598	117	-6.610500	-1.794000
6600	109	2.827500	-2.574000
6605	116	-3.822000	-2.223000
6605	118	-6.708000	-2.496000
6608	112	2.476500	-1.794000
6608	113	3.178500	-1.189500
6615	111	1.852500	-0.897000
6615	115	-2.964000	-0.117000
6621	110	3.997500	-3.334500
6638	114	-2.223000	-0.741000
6639	117	-4.992000	-1.813500
6639	118	-5.323500	-2.398500
6645	113	1.638000	-1.131000
6645	116	-1.989000	-2.203500
6647	111	0.721500	-0.955500
6647	112	1.033500	-1.696500
6656	115	-1.189500	-0.156000
6673	110	6.688500	-3.412500
6675	109	6.786000	-2.827500
6677	113	0.468000	-1.287000
6678	111	-0.370500	-0.994500
6678	117	-3.354000	-1.969500
6679	114	-0.585000	-0.429000
6680	116	-0.331500	-2.418000
6680	118	-3.549000	-2.554500
6685	112	-0.409500	-1.696500
6694	115	0.546000	-0.175500
6707	111	-1.618500	-1.092000
6708	113	-0.585000	-1.267500
6711	114	0.760500	-0.624000
6714	117	-1.911000	-2.262000
6717	116	1.248000	-2.106000
6719	118	-2.008500	-2.827500
6720	115	1.677000	-0.390000
6736	111	-2.730000	-0.936000
6736	112	-2.437500	-1.618500
6740	114	2.106000	-0.955500
6742	115	2.730000	-0.487500
6750	113	-2.242500	-1.267500
6758	116	3.178500	-1.911000
6758	118	-0.253500	-2.866500
6762	117	0.214500	-2.223000
6769	119	6.922500	-2.574000
6771	115	4.075500	-0.507000
6773	111	-4.153500	-0.936000
6774	114	3.666000	-0.955500
6780	112	-4.134000	-1.696500
6792	116	4.719000	-1.657500
6794	119	5.499000	-2.593500
6798	113	-4.114500	-1.150500
6799	118	1.696500	-2.925000
6801	115	5.616000	-0.351000
6807	120	-6.435000	-2.398500
6810	111	-5.577000	-0.975000
6811	117	2.320500	-2.067000
6814	121	-6.727500	-2.983500
6816	119	4.309500	-3.081000
6817	114	5.616000	-0.780000
6829	118	3.042000	-2.652000
6832	112	-6.201000	-1.579500
6836	113	-5.479500	-1.150500
6838	115	6.922500	0.117000
6838	119	3.256500	-3.315000
6839	120	-5.674500	-2.262000
6843	116	6.903000	-1.131000
6846	121	-5.577000	-3.003000
6849	111	-6.825000	-1.189500
6851	114	6.883500	-0.448500
6854	112	-6.844500	-1.891500
6861	117	4.660500	-2.028000
6862	118	4.485000	-2.515500
6867	119	1.638000	-3.412500
6870	120	-4.426500	-2.242500
6872	113	-6.766500	-1.423500
6885	121	-3.724500	-3.022500
6894	118	5.811000	-2.730000
6898	119	0.039000	-3.451500
6911	120	-2.827500	-2.203500
6912	117	6.883500	-2.106000
6917	118	6.903000	-2.749500
6929	121	-1.774500	-2.769000
6944	119	-2.320500	-3.490500
6951	120	-0.994500	-1.969500
6978	121	0.663000	-2.769000
6980	122	-6.805500	-3.022500
6984	123	-6.864000	-2.086500
6989	119	-4.465500	-3.334500
6999	120	1.072500	-1.657500
7005	122	-5.635500	-2.671500
7007	124	-6.786000	-2.437500
7010	119	-5.460000	-3.510000
7011	123	-5.499000	-1.794000
7013	125	-6.727500	-2.925000
7027	121	2.866500	-2.671500
7035	122	-4.251000	-2.340000
7040	124	-5.245500	-2.281500
7041	123	-4.075500	-1.599000
7041	125	-5.284500	-2.866500
7042	119	-6.844500	-3.334500
7042	120	3.061500	-1.638000
7068	122	-2.710500	-2.125500
7072	121	5.070000	-2.788500
7076	123	-2.340000	-1.384500
7077	120	4.680000	-1.716000
7079	124	-3.412500	-1.891500
7085	125	-3.139500	-2.418000
7107	122	-0.663000	-2.203500
7110	121	6.864000	-2.652000
7115	123	-0.292500	-1.209000
7120	120	6.825000	-1.930500
7125	124	-1.072500	-1.618500
7129	125	-0.858000	-2.301000
7142	122	1.131000	-2.164500
7154	123	1.443000	-1.131000
7174	124	1.287000	-1.599000
7174	125	1.228500	-2.340000
7183	122	3.198000	-2.223000
7187	123	3.061500	-1.111500
7218	125	3.334500	-2.125500
7222	124	3.568500	-1.521000
7225	123	4.933500	-1.482000
7228	122	5.304000	-2.340000
7255	125	5.187000	-2.164500
7256	124	5.265000	-1.618500
7259	122	6.747000	-2.827500
7263	123	6.727500	-1.989000
7292	124	6.883500	-2.047500
7298	125	6.942000	-2.554500
7303	126	6.786000	-1.053000
7328	127	6.747000	-3.139500
7333	126	5.967000	-1.033500
7334	129	6.747000	-1.228500
7336	128	6.708000	-1.852500
7360	130	6.805500	-2.203500
7364	127	5.265000	-2.691000
7366	128	5.694000	-1.950000
7370	126	4.914000	-1.033500
7371	129	5.557500	-1.423500
7397	130	5.167500	-2.710500
7403	127	3.666000	-2.827500
7406	126	3.705000	-0.877500
7407	128	4.036500	-2.008500
7414	129	3.705000	-1.423500
7433	130	3.412500	-2.983500
7437	126	2.457000	-0.819000
7443	127	2.086500	-2.808000
7447	128	2.437500	-2.145000
7462	129	1.911000	-1.345500
7471	130	1.287000	-3.471000
7474	126	1.189500	-0.721500
7483	128	1.014000	-2.047500
7487	127	0.214500	-2.808000
7500	131	6.883500	-2.164500
7514	126	-0.468000	-0.507000
7514	129	-0.312000	-1.131000
7514	130	-0.721500	-3.432000
7530	131	5.421000	-1.989000
7540	127	-1.735500	-2.691000
7541	128	-1.228500	-1.794000
7552	126	-1.872000	-0.312000
7556	130	-2.496000	-3.276000
7564	131	3.607500	-1.891500
7569	129	-2.106000	-0.780000
7586	127	-3.315000	-2.301000
7590	128	-2.691000	-1.560000
7594	130	-4.095000	-2.866500
7595	126	-3.354000	-0.156000
7607	131	1.716000	-1.755000
7618	129	-3.939000	-0.663000
7630	127	-4.485000	-1.657500
7633	128	-4.212000	-1.170000
7633	132	-6.805500	-2.905500
7635	130	-5.089500	-2.262000
7638	126	-4.719000	0.000000
7654	131	-0.507000	-1.677000
7667	129	-5.187000	-0.253500
7667	132	-5.226000	-2.866500
7673	133	6.864000	-1.833000
7674	128	-5.557500	-0.604500
7679	127	-5.577000	-1.092000
7679	130	-6.279000	-1.501500
7681	126	-5.635500	0.331500
7698	134	6.922500	-2.749500
7701	129	-6.376500	0.214500
7705	133	5.421000	-1.755000
7707	131	-2.593500	-1.657500
7710	130	-6.922500	-1.053000
7717	132	-2.652000	-2.749500
7718	126	-6.396000	0.994500
7720	128	-6.825000	0.136500
7730	134	5.206500	-2.613000
7738	127	-6.708000	-0.312000
7740	129	-6.747000	0.858000
7740	133	3.822000	-1.950000
7754	126	-6.532500	1.579500
7758	131	-4.816500	-1.540500
7762	135	-6.825000	-3.276000
7764	134	3.685500	-2.457000
7766	132	-0.624000	-2.632500
7774	136	-6.903000	-2.496000
7776	133	2.242500	-1.813500
7800	134	1.911000	-2.320500
7806	131	-6.903000	-1.404000
7809	136	-5.479500	-2.437500
7810	132	1.443000	-3.003000
7814	135	-5.148000	-3.120000
7818	133	0.799500	-1.579500
7839	132	2.847000	-2.944500
7843	134	-0.058500	-2.086500
7857	135	-3.471000	-3.081000
7857	136	-3.666000	-2.398500
7861	133	-0.604500	-1.248000
7888	134	-1.833000	-1.501500
7889	132	5.206500	-2.652000
7893	133	-1.911000	-0.838500
7904	136	-1.833000	-2.340000
7920	132	6.708000	-2.593500
7924	134	-3.276000	-1.267500
7928	135	-0.643500	-2.964000
7930	133	-3.315000	-0.370500
7962	136	0.409500	-2.184000
7963	134	-4.758000	-0.682500
7967	133	-4.641000	-0.078000
7988	135	2.086500	-2.964000
7997	134	-6.006000	-0.253500
8001	133	-5.713500	0.409500
8007	137	1.111500	-5.791500
8012	138	0.546000	-5.791500
8015	136	2.905500	-2.028000
8029	134	-6.961500	0.721500
8037	133	-6.259500	0.975000
8042	138	1.228500	-5.031000
8043	137	1.911000	-5.245500
8045	135	4.504500	-3.237000
8064	136	5.050500	-2.262000
8069	138	1.989000	-3.822000
8081	133	-6.688500	1.716000
8083	137	3.081000	-3.666000
8091	138	2.749500	-2.925000
8097	135	6.864000	-3.159000
8105	136	6.766500	-2.184000
8106	137	3.802500	-3.217500
8114	138	3.549000	-2.554500
8132	137	4.660500	-2.749500
8134	138	4.543500	-2.223000
8149	137	5.343000	-2.749500
8151	138	5.245500	-2.125500
8178	137	6.747000	-2.749500
8186	138	6.786000	-1.989000
8359	139	-6.844500	-2.691000
8396	139	-4.953000	-2.437500
8403	140	6.922500	-0.273000
8432	140	5.343000	-0.585000
8438	139	-2.847000	-2.379000
8461	140	3.685500	-0.858000
8477	139	-0.916500	-2.359500
8486	140	2.281500	-1.092000
8510	139	-0.058500	-2.320500
8517	140	0.721500	-0.643500
8526	139	0.351000	-2.262000
8549	139	1.248000	-2.184000
8552	148	-6.571500	1.521000
8554	140	-1.053000	-0.487500
8582	141	-0.409500	-5.811000
8582	148	-6.259500	1.150500
8585	139	2.964000	-2.067000
8595	140	-3.061500	-0.195000
8602	141	-0.858000	-4.699500
8602	142	0.117000	-5.811000
8621	141	-1.482000	-3.256500
8623	143	6.922500	-1.657500
8631	142	-0.195000	-5.206500
8632	139	4.621500	-2.028000
8634	140	-4.680000	-0.195000
8635	148	-6.103500	0.565500
8645	143	5.986500	-1.365000
8648	141	-2.164500	-2.574000
8648	144	6.883500	-1.872000
8651	139	5.128500	-2.106000
8657	142	-1.033500	-4.368000
8657	145	6.922500	-3.685500
8660	146	6.903000	-3.042000
8661	140	-5.850000	-0.156000
8661	147	6.883500	-1.170000
8671	141	-2.223000	-2.164500
8673	139	5.752500	-2.086500
8673	148	-5.674500	0.331500
8674	143	4.699500	-1.267500
8677	144	5.811000	-1.696500
8680	140	-6.396000	0.175500
8682	146	5.713500	-2.964000
8682	147	5.830500	-1.014000
8684	142	-1.950000	-3.529500
8685	145	5.323500	-3.549000
8694	141	-2.613000	-2.028000
8699	143	3.627000	-1.540500
8700	140	-6.844500	0.858000
8701	139	6.864000	-2.281500
8702	148	-5.616000	0.000000
8706	144	4.543500	-1.735500
8710	142	-3.120000	-3.373500
8710	147	4.719000	-0.897000
8717	141	-3.393000	-2.125500
8717	146	3.646500	-2.808000
8718	143	3.003000	-1.599000
8723	145	3.198000	-3.588000
8728	140	-6.942000	1.345500
8728	142	-3.802500	-3.354000
8735	144	3.510000	-1.833000
8737	143	2.359500	-1.657500
8740	147	3.432000	-0.975000
8746	141	-4.582500	-2.203500
8758	142	-5.167500	-3.412500
8758	146	1.267500	-2.691000
8760	143	1.599000	-1.365000
8767	144	2.203500	-1.696500
8772	147	2.203500	-1.072500
8775	141	-5.811000	-2.398500
8784	143	0.858000	-1.228500
8793	145	-0.741000	-3.354000
8799	142	-6.708000	-3.315000
8801	141	-6.883500	-2.535000
8802	144	0.897000	-1.599000
8806	147	0.975000	-1.053000
8808	143	0.058500	-1.228500
8810	146	-1.501500	-2.476500
8840	143	-0.955500	-1.150500
8842	144	-0.604500	-1.540500
8845	147	-0.507000	-0.877500
8850	146	-3.549000	-2.418000
8852	145	-3.822000	-3.178500
8873	143	-2.067000	-0.916500
8879	144	-2.047500	-1.326000
8880	147	-1.696500	-0.702000
8888	146	-5.518500	-2.262000
8904	143	-3.159000	-0.565500
8913	145	-6.903000	-3.159000
8915	146	-6.883500	-2.320500
8918	144	-3.607500	-1.443000
8921	147	-3.490500	-0.858000
8933	143	-4.114500	-0.526500
8948	147	-4.504500	-1.053000
8954	143	-5.089500	-0.682500
8960	144	-5.050500	-1.560000
8974	147	-5.557500	-1.228500
8977	148	-5.947500	-0.195000
8993	143	-6.883500	-0.994500
9002	144	-6.805500	-2.184000
9002	147	-6.708000	-1.579500
9014	148	-6.922500	-0.780000
