6	1	6.981000	-1.287000
12	2	6.981000	-0.858000
40	2	6.064500	-0.877500
49	1	5.226000	-1.209000
73	2	4.738500	-0.682500
79	3	-3.315000	-5.577000
94	3	-2.769000	-4.582500
99	1	3.159000	-1.209000
100	2	3.549000	-0.604500
117	3	-1.852500	-3.510000
122	1	2.515500	-1.131000
124	2	2.496000	-0.624000
138	3	-0.819000	-2.632500
144	1	1.774500	-1.111500
151	2	1.345500	-0.604500
159	3	0.156000	-2.086500
173	3	1.033500	-1.813500
177	1	0.253500	-1.170000
190	2	-0.448500	-0.585000
196	3	2.437500	-1.326000
209	5	-0.234000	-5.518500
210	6	-0.819000	-5.538000
212	1	-1.365000	-1.306500
222	4	-6.942000	-0.039000
225	3	4.173000	-0.975000
232	2	-2.340000	-0.702000
232	5	-0.936000	-4.114500
236	6	-1.696500	-3.997500
245	3	5.343000	-0.468000
248	1	-2.983500	-1.209000
248	4	-5.596500	-0.058500
255	5	-1.794000	-2.710500
265	2	-3.744000	-0.741000
267	6	-2.808000	-2.418000
278	4	-3.939000	-0.195000
278	5	-2.554500	-1.618500
279	3	7.000500	0.507000
282	1	-4.465500	-1.306500
295	6	-3.841500	-1.228500
302	2	-5.167500	-0.604500
306	5	-3.744000	-0.585000
307	4	-2.281500	-0.429000
318	1	-5.947500	-1.248000
322	6	-4.972500	-0.273000
332	7	-6.961500	0.624000
340	5	-5.031000	0.702000
346	1	-7.020000	-0.975000
346	4	-0.078000	-0.643500
351	2	-7.117500	-0.429000
351	6	-6.064500	0.838500
354	7	-6.337500	0.136500
365	5	-6.006000	1.443000
375	6	-6.825000	1.638000
382	7	-5.362500	-0.312000
382	8	-6.942000	-1.423500
386	4	2.262000	-0.819000
389	9	-6.942000	-2.281500
398	6	-7.039500	2.359500
400	5	-6.786000	2.515500
400	10	-6.961500	1.482000
414	8	-5.635500	-1.345500
415	7	-4.114500	-0.565500
426	9	-5.323500	-2.008500
428	11	-6.981000	-1.014000
430	4	4.836000	-0.682500
432	10	-6.337500	0.858000
447	7	-2.905500	-0.585000
450	12	-6.883500	-2.086500
451	13	-6.981000	-1.365000
452	8	-4.095000	-1.326000
455	10	-5.538000	0.741000
459	11	-5.772000	-0.936000
464	9	-3.705000	-1.891500
467	4	6.981000	-0.780000
476	10	-4.699500	0.565500
480	12	-5.460000	-1.872000
485	8	-2.847000	-1.345500
486	13	-5.362500	-1.248000
489	7	-1.189500	-0.624000
496	11	-4.270500	-0.799500
508	7	-0.409500	-0.682500
508	9	-1.891500	-1.872000
512	10	-3.217500	0.351000
518	13	-3.763500	-1.209000
519	12	-3.822000	-1.755000
528	14	6.981000	-1.228500
529	7	0.117000	-0.702000
532	8	-0.799500	-1.326000
543	11	-2.379000	-0.604500
551	10	-1.618500	0.136500
555	13	-2.223000	-1.345500
555	14	5.499000	-0.897000
559	9	0.156000	-1.911000
560	12	-2.106000	-1.774500
564	7	-0.039000	-0.955500
564	15	6.942000	-1.287000
566	16	6.903000	-1.774500
570	8	0.780000	-1.287000
577	11	-1.092000	-0.468000
577	13	-1.384500	-1.365000
581	10	-0.565500	0.136500
582	7	0.156000	-1.579500
590	12	-1.150500	-1.696500
591	14	3.705000	-0.507000
591	15	5.733000	-0.877500
597	16	5.479500	-1.209000
600	7	0.624000	-2.242500
605	10	0.175500	0.078000
607	9	2.164500	-2.028000
609	13	0.000000	-1.306500
612	12	-0.312000	-1.677000
613	11	0.546000	-0.741000
615	17	-6.864000	2.613000
619	7	1.306500	-3.061500
621	14	2.184000	-0.058500
623	8	3.139500	-1.326000
624	15	4.153500	-0.507000
630	10	0.741000	-0.175500
630	16	3.958500	-0.741000
635	12	0.643500	-1.852500
638	11	1.735500	-0.741000
638	17	-6.630000	2.008500
642	18	-6.981000	1.657500
643	7	2.145000	-4.134000
644	13	1.540500	-1.482000
648	14	0.760500	0.273000
651	9	4.270500	-1.950000
652	10	1.423500	-0.448500
657	16	2.808000	-0.292500
658	15	2.749500	0.019500
660	17	-6.240000	1.560000
662	12	1.911000	-2.086500
670	11	3.295500	-0.819000
670	18	-6.279000	1.111500
674	8	5.206500	-1.404000
675	10	2.281500	-0.604500
676	7	3.412500	-5.557500
677	13	3.198000	-1.794000
677	14	-0.643500	0.624000
686	16	1.579500	0.019500
688	9	5.869500	-1.950000
689	12	3.276000	-2.398500
690	17	-5.440500	1.131000
691	15	1.384500	0.390000
700	18	-5.187000	0.663000
707	10	3.588000	-0.663000
708	13	4.894500	-1.813500
708	14	-2.125500	1.033500
712	11	5.343000	-1.092000
714	12	4.582500	-2.496000
714	16	0.390000	0.273000
715	9	7.039500	-1.930500
719	8	6.961500	-1.384500
721	15	0.019500	0.604500
721	17	-4.231500	0.819000
729	18	-3.997500	0.429000
733	11	6.298500	-1.209000
735	13	6.318000	-1.891500
739	14	-3.627000	1.189500
740	10	4.894500	-0.936000
743	12	6.123000	-2.457000
745	16	-0.936000	0.468000
750	13	7.020000	-2.125500
750	17	-3.022500	0.526500
756	11	7.000500	-1.599000
758	15	-1.540500	0.975000
758	18	-2.827500	0.136500
762	12	7.000500	-2.671500
771	10	5.967000	-1.345500
772	14	-5.206500	1.150500
772	17	-2.223000	0.312000
779	16	-2.301000	0.721500
796	14	-6.279000	1.384500
796	15	-3.081000	1.111500
797	18	-1.072500	-0.175500
803	16	-3.256500	0.760500
807	10	7.000500	-2.145000
808	17	-0.682500	0.234000
823	14	-7.059000	1.989000
828	15	-4.524000	1.092000
831	18	0.429000	-0.253500
834	16	-4.641000	0.760500
839	17	0.741000	0.234000
860	15	-5.791500	1.306500
861	18	1.833000	-0.234000
865	16	-6.064500	0.994500
868	17	2.106000	0.156000
891	15	-6.688500	1.774500
892	16	-6.961500	1.423500
893	18	3.432000	-0.117000
901	17	3.588000	0.253500
923	18	4.719000	0.292500
931	15	-6.883500	2.437500
935	17	4.894500	0.858000
957	18	6.142500	0.702000
963	17	5.967000	1.150500
980	18	7.020000	0.916500
987	19	-6.903000	-1.404000
988	17	6.981000	1.326000
1016	19	-5.226000	-1.306500
1063	19	-2.652000	-1.267500
1119	19	0.526500	-1.228500
1163	20	5.206500	5.440500
1165	19	3.217500	-1.560000
1166	22	-6.942000	-2.242500
1189	20	5.245500	4.621500
1190	23	-6.961500	-1.384500
1194	22	-5.265000	-2.223000
1203	24	-6.961500	1.833000
1207	21	5.655000	4.329000
1210	19	5.479500	-1.657500
1220	25	-6.922500	1.092000
1221	26	6.961500	-2.340000
1221	27	-6.883500	-2.242500
1222	20	5.089500	3.724500
1225	23	-5.479500	-1.111500
1225	24	-6.415500	1.306500
1225	28	-6.922500	-1.579500
1229	22	-3.022500	-2.164500
1230	29	7.020000	-2.067000
1232	21	5.596500	3.510000
1247	25	-6.201000	0.721500
1249	19	7.020000	-1.735500
1250	26	5.479500	-2.613000
1252	23	-4.270500	-0.877500
1253	28	-5.479500	-1.657500
1254	27	-5.226000	-2.242500
1257	24	-5.538000	0.780000
1259	20	4.797000	2.730000
1260	21	5.382000	2.515500
1260	29	5.245500	-1.989000
1265	22	-0.741000	-1.696500
1278	25	-5.245500	0.409500
1280	26	3.627000	-2.554500
1287	24	-4.680000	0.643500
1288	23	-2.827500	-0.624000
1289	20	4.621500	1.813500
1289	27	-3.373500	-2.164500
1289	29	3.607500	-1.950000
1290	21	5.148000	1.560000
1298	28	-3.256500	-1.501500
1299	22	1.248000	-1.287000
1314	20	4.387500	1.111500
1315	26	1.677000	-2.671500
1318	25	-3.783000	0.273000
1319	21	4.680000	0.702000
1319	22	2.496000	-1.384500
1320	23	-1.599000	-0.643500
1320	24	-3.471000	0.546000
1322	29	1.794000	-2.008500
1326	27	-1.189500	-1.911000
1334	20	4.017000	0.741000
1337	28	-0.897000	-1.326000
1340	22	3.802500	-1.735500
1341	29	0.760500	-2.184000
1342	21	4.134000	0.097500
1345	30	-6.942000	-1.404000
1348	31	-6.961500	-1.930500
1350	23	-0.429000	-0.682500
1351	26	-0.195000	-2.593500
1353	24	-2.262000	0.429000
1356	20	3.529500	0.448500
1357	25	-2.340000	0.156000
1359	29	0.039000	-2.203500
1363	22	5.284500	-2.164500
1364	27	0.877500	-1.618500
1365	21	3.237000	-0.234000
1376	28	1.306500	-0.994500
1376	30	-5.323500	-1.209000
1380	23	0.526500	-0.799500
1381	20	2.535000	0.390000
1383	31	-5.148000	-1.755000
1385	24	-1.248000	0.253500
1388	21	2.184000	-0.195000
1389	22	7.039500	-2.301000
1392	26	-2.457000	-2.632500
1394	25	-1.092000	-0.156000
1394	29	-1.735500	-2.047500
1395	27	2.691000	-1.618500
1402	20	1.423500	0.702000
1404	28	2.925000	-0.994500
1405	23	1.404000	-0.877500
1406	30	-3.744000	-1.072500
1413	21	0.994500	0.136500
1415	32	-6.942000	-1.092000
1418	29	-3.061500	-2.125500
1419	31	-3.198000	-1.560000
1425	24	0.097500	-0.097500
1428	20	0.234000	0.936000
1429	25	0.039000	-0.507000
1433	26	-4.699500	-2.574000
1434	27	4.914000	-1.755000
1435	23	2.613000	-0.819000
1443	21	-0.273000	0.507000
1444	29	-4.602000	-2.067000
1445	28	4.953000	-1.209000
1446	30	-1.696500	-0.994500
1450	32	-5.635500	-0.760500
1453	20	-1.033500	1.072500
1455	31	-1.248000	-1.677000
1463	25	1.228500	-0.760500
1466	24	1.345500	-0.370500
1472	23	3.978000	-0.858000
1472	29	-6.064500	-1.950000
1473	21	-1.638000	0.585000
1473	28	6.025500	-1.716000
1475	27	7.020000	-2.164500
1478	26	-7.039500	-2.554500
1483	30	0.117000	-1.189500
1484	20	-2.554500	1.092000
1485	33	6.961500	-1.638000
1487	32	-4.095000	-0.741000
1491	29	-7.039500	-1.813500
1496	31	0.799500	-1.813500
1497	25	2.223000	-0.838500
1498	23	4.836000	-1.111500
1498	28	7.000500	-2.164500
1506	21	-3.159000	0.468000
1509	24	2.710500	-0.507000
1509	33	6.025500	-1.306500
1513	34	6.864000	-1.482000
1518	20	-4.095000	0.994500
1521	23	5.557500	-1.482000
1522	30	1.891500	-1.540500
1523	35	6.942000	-0.546000
1533	32	-2.067000	-0.741000
1535	25	3.315000	-1.287000
1537	33	4.914000	-0.975000
1538	31	2.749500	-2.164500
1539	34	5.811000	-0.799500
1541	21	-4.894500	0.214500
1543	24	3.685500	-0.877500
1544	23	6.474000	-1.872000
1545	20	-5.265000	0.799500
1550	30	3.256500	-2.008500
1553	35	5.557500	-0.195000
1559	23	7.059000	-1.969500
1563	25	4.114500	-1.540500
1563	31	4.075500	-2.379000
1563	36	6.903000	0.019500
1563	38	-6.825000	2.418000
1565	34	4.465500	-0.409500
1568	32	-0.604500	-0.877500
1570	33	3.802500	-0.546000
1572	24	4.563000	-1.228500
1579	35	4.212000	0.097500
1582	20	-7.020000	0.526500
1582	30	5.109000	-2.223000
1585	34	3.744000	-0.234000
1587	21	-7.098000	-0.078000
1591	31	5.616000	-2.476500
1594	32	-0.214500	-1.014000
1596	25	5.343000	-1.638000
1597	36	5.499000	-0.117000
1597	38	-6.669000	2.086500
1602	34	3.042000	-0.097500
1603	33	2.593500	-0.468000
1612	35	2.203500	0.487500
1613	24	5.967000	-1.306500
1613	30	6.961500	-1.989000
1616	31	6.942000	-2.320500
1619	39	-6.961500	0.838500
1620	32	0.429000	-1.189500
1627	34	2.067000	0.058500
1628	25	6.435000	-1.599000
1628	36	4.017000	-0.214500
1637	33	1.170000	-0.253500
1641	35	0.409500	0.702000
1647	32	1.657500	-1.287000
1649	24	7.020000	-1.053000
1649	25	7.059000	-1.579500
1649	40	-6.961500	1.092000
1651	37	6.981000	1.150500
1652	38	-6.532500	1.326000
1652	39	-6.649500	0.546000
1660	34	0.643500	0.292500
1662	36	2.379000	-0.253500
1670	35	-1.384500	1.014000
1673	33	-0.390000	0.019500
1676	39	-6.454500	0.448500
1678	37	5.713500	0.877500
1679	40	-6.727500	0.721500
1683	32	3.529500	-1.248000
1693	34	-0.702000	0.487500
1695	36	0.838500	-0.117000
1699	38	-6.376500	1.014000
1704	35	-3.412500	1.248000
1707	37	4.407000	0.429000
1709	33	-1.872000	0.117000
1715	32	5.304000	-1.443000
1735	37	2.905500	0.351000
1738	34	-2.379000	0.643500
1739	35	-5.284500	1.540500
1741	36	-1.248000	0.058500
1741	38	-6.064500	0.799500
1746	32	7.039500	-1.501500
1748	33	-3.432000	0.429000
1764	40	-6.513000	0.780000
1766	35	-6.571500	1.774500
1770	37	1.072500	0.390000
1778	34	-4.056000	0.994500
1779	36	-2.808000	0.468000
1782	33	-5.011500	0.702000
1784	35	-7.078500	2.223000
1797	41	-6.883500	-1.852500
1809	36	-4.134000	0.292500
1811	34	-5.304000	1.306500
1812	33	-6.123000	1.189500
1812	37	-1.170000	0.546000
1837	41	-4.621500	-1.755000
1840	36	-5.538000	0.019500
1850	34	-6.396000	1.618500
1851	33	-7.020000	1.950000
1854	37	-3.276000	0.819000
1871	36	-6.961500	-0.117000
1878	41	-2.125500	-1.716000
1879	39	-6.279000	0.234000
1882	37	-4.563000	0.429000
1884	34	-6.786000	2.262000
1909	37	-5.830500	-0.097500
1909	41	-0.760500	-1.267500
1917	38	-5.830500	0.643500
1927	42	-7.020000	-1.677000
1928	41	-0.039000	-1.326000
1933	37	-7.020000	-0.370500
1946	38	-5.596500	0.175500
1952	40	-6.084000	0.663000
1954	42	-5.382000	-1.696500
1961	39	-6.240000	-0.019500
1964	43	6.864000	-2.067000
1965	44	6.942000	-1.579500
1967	38	-5.733000	-0.409500
1984	39	-6.357000	-0.604500
1985	42	-3.510000	-1.794000
1986	40	-5.889000	0.273000
1991	38	-6.181500	-1.111500
1995	44	5.148000	-1.599000
2001	43	4.738500	-2.106000
2010	40	-6.396000	-0.195000
2015	39	-7.039500	-1.443000
2016	42	-1.501500	-2.223000
2018	44	3.822000	-1.716000
2027	38	-7.078500	-2.320500
2028	40	-7.020000	-0.741000
2038	43	2.632500	-2.106000
2041	42	0.058500	-2.535000
2046	44	2.125500	-1.794000
2066	42	1.852500	-2.613000
2068	44	0.624000	-1.989000
2068	45	6.961500	-1.170000
2070	43	1.033500	-2.203500
2081	41	0.351000	-1.540500
2082	44	-0.253500	-1.911000
2083	46	6.961500	-0.975000
2086	47	6.942000	0.702000
2090	45	6.006000	-1.170000
2092	43	-0.214500	-2.301000
2093	42	3.939000	-2.515500
2104	44	-1.365000	-1.657500
2105	46	5.811000	-0.819000
2108	41	1.306500	-1.638000
2114	47	6.318000	0.312000
2121	45	4.563000	-0.994500
2122	43	-1.872000	-2.242500
2123	44	-2.106000	-1.579500
2128	46	4.602000	-0.663000
2136	42	7.020000	-2.340000
2140	41	2.476500	-1.599000
2142	47	5.616000	-0.019500
2145	44	-3.081000	-1.560000
2152	45	3.276000	-0.780000
2153	46	3.510000	-0.370500
2158	43	-3.529500	-2.340000
2171	44	-3.958500	-1.599000
2173	41	3.841500	-1.618500
2173	47	4.641000	-0.234000
2178	48	6.961500	-0.468000
2179	43	-4.075500	-2.652000
2179	46	2.262000	-0.195000
2180	49	6.922500	-0.955500
2188	44	-4.251000	-1.852500
2190	45	1.677000	-0.819000
2199	41	4.758000	-1.306500
2200	48	6.747000	-0.429000
2202	47	3.627000	-0.370500
2202	49	6.318000	-0.936000
2206	44	-4.797000	-2.242500
2210	46	0.897000	-0.117000
2220	41	5.265000	-0.799500
2223	43	-4.426500	-2.671500
2224	48	6.493500	-0.721500
2227	45	0.058500	-0.682500
2228	49	5.850000	-1.267500
2234	44	-5.187000	-2.749500
2238	47	2.379000	-0.390000
2244	41	5.596500	0.000000
2244	48	5.928000	-0.858000
2245	46	-0.663000	-0.156000
2245	49	5.011500	-1.404000
2265	49	4.231500	-1.326000
2269	45	-1.696500	-0.663000
2270	48	4.797000	-0.994500
2271	41	5.752500	0.916500
2278	47	0.975000	-0.214500
2284	46	-2.476500	-0.292500
2294	49	3.120000	-1.365000
2298	48	3.373500	-0.780000
2303	41	5.869500	2.125500
2308	45	-3.315000	-0.799500
2314	47	-0.312000	-0.234000
2317	50	6.942000	-0.994500
2318	51	6.961500	-1.326000
2327	46	-4.251000	-0.390000
2328	49	1.677000	-1.365000
2329	48	1.950000	-0.643500
2337	41	5.772000	3.315000
2337	52	6.961500	-2.301000
2343	45	-4.758000	-1.014000
2343	50	5.713500	-0.877500
2352	51	5.343000	-1.189500
2353	47	-1.735500	-0.312000
2355	48	1.033500	-0.507000
2364	52	5.635500	-2.301000
2368	49	-0.097500	-1.248000
2374	41	5.791500	4.543500
2376	50	4.212000	-0.721500
2377	48	0.000000	-0.546000
2379	53	6.903000	-1.501500
2390	51	3.549000	-1.053000
2394	46	-6.981000	-0.370500
2395	45	-7.039500	-1.111500
2395	52	4.134000	-2.320500
2400	47	-3.334500	-0.409500
2406	48	-1.501500	-0.604500
2406	49	-1.501500	-1.150500
2408	50	2.749500	-0.624000
2411	53	5.499000	-1.443000
2433	51	1.677000	-0.916500
2442	48	-3.061500	-0.273000
2443	49	-3.022500	-0.780000
2444	52	1.872000	-2.164500
2449	47	-5.187000	-0.526500
2450	43	-4.758000	-2.710500
2452	53	3.549000	-1.365000
2453	50	0.741000	-0.429000
2475	48	-4.270500	0.078000
2475	51	-0.078000	-0.702000
2480	49	-4.446000	-0.565500
2483	52	0.097500	-2.106000
2483	54	-6.883500	-1.423500
2488	53	1.950000	-1.696500
2493	50	-0.760500	-0.292500
2505	47	-7.059000	-0.604500
2505	48	-5.362500	0.195000
2514	54	-5.557500	-1.482000
2516	51	-1.852500	-0.448500
2517	49	-5.830500	-0.390000
2525	53	0.214500	-1.774500
2533	50	-2.476500	-0.097500
2534	52	-2.125500	-2.125500
2543	48	-7.000500	0.058500
2552	49	-7.059000	-0.526500
2556	54	-3.705000	-1.462500
2560	51	-3.607500	-0.468000
2566	53	-1.521000	-1.735500
2567	52	-3.529500	-2.067000
2575	50	-4.231500	-0.136500
2592	54	-2.125500	-1.228500
2602	44	-5.440500	-2.652000
2604	51	-5.421000	-0.526500
2610	53	-3.529500	-1.755000
2611	52	-5.323500	-1.755000
2616	50	-5.908500	-0.195000
2623	44	-5.323500	-2.398500
2626	54	-0.702000	-0.936000
2642	51	-6.981000	-0.663000
2645	50	-7.078500	-0.312000
2648	53	-5.284500	-1.716000
2652	52	-7.020000	-1.989000
2659	43	-5.109000	-2.749500
2660	44	-4.719000	-2.262000
2669	54	1.306500	-0.780000
2681	44	-4.524000	-1.677000
2687	53	-6.981000	-1.638000
2704	44	-4.309500	-0.799500
2706	54	2.847000	-0.370500
2707	43	-5.577000	-2.769000
2732	54	3.724500	0.195000
2734	44	-4.251000	0.273000
2736	43	-6.142500	-3.237000
2755	54	4.270500	0.858000
2763	44	-4.212000	1.131000
2782	54	4.797000	1.696500
2814	54	5.304000	2.554500
2879	54	5.674500	4.524000
2915	55	6.942000	1.150500
2931	44	-4.134000	1.345500
2933	43	-6.298500	-3.549000
2941	55	5.206500	0.780000
2954	43	-6.396000	-4.504500
2965	55	3.490500	0.390000
2974	56	6.922500	-0.936000
2974	57	6.903000	-1.306500
2976	43	-6.454500	-5.577000
2987	55	2.067000	0.253500
3003	56	5.304000	-0.721500
3003	57	5.362500	-1.170000
3017	55	-0.019500	0.078000
3020	58	-6.981000	0.058500
3035	59	-6.922500	-0.721500
3036	56	3.549000	-0.409500
3037	57	3.412500	-0.916500
3049	55	-2.164500	0.019500
3053	58	-5.850000	-0.039000
3070	59	-5.616000	-0.760500
3071	56	1.774500	-0.058500
3073	57	1.560000	-0.565500
3079	58	-4.933500	-0.136500
3083	55	-4.348500	0.331500
3106	59	-4.290000	-0.975000
3110	56	-0.019500	0.253500
3110	57	-0.331500	-0.195000
3111	58	-3.900000	-0.351000
3113	55	-5.850000	0.409500
3139	55	-7.020000	0.546000
3141	59	-2.925000	-1.189500
3142	57	-1.833000	0.156000
3148	56	-1.872000	0.702000
3150	58	-2.437500	-0.429000
3175	57	-3.373500	0.468000
3180	56	-3.451500	0.955500
3182	59	-1.345500	-1.131000
3189	44	-3.919500	1.423500
3195	58	-0.702000	-0.546000
3208	60	-7.000500	0.019500
3210	61	-6.961500	0.663000
3211	56	-4.797000	1.287000
3211	57	-5.070000	0.741000
3221	44	-3.705000	1.521000
3224	59	0.195000	-1.111500
3231	60	-5.986500	-0.214500
3237	62	-6.942000	0.253500
3239	57	-6.376500	1.111500
3239	63	-6.961500	-0.175500
3242	58	1.111500	-0.487500
3246	56	-6.181500	1.638000
3247	61	-5.421000	0.253500
3260	59	1.618500	-1.092000
3262	57	-7.078500	1.677000
3269	56	-6.688500	2.164500
3270	60	-4.270500	-0.292500
3271	62	-5.538000	0.156000
3272	63	-5.713500	-0.312000
3282	61	-3.900000	0.097500
3284	58	2.788500	-0.624000
3291	59	2.866500	-1.443000
3294	56	-6.844500	2.730000
3299	64	-6.981000	-1.228500
3302	60	-2.710500	-0.312000
3303	63	-4.504500	-0.409500
3317	61	-2.301000	0.078000
3318	65	-6.903000	-2.145000
3320	62	-3.529500	0.136500
3320	66	6.981000	-0.760500
3322	59	4.153500	-1.696500
3324	58	4.446000	-0.858000
3330	64	-5.245500	-1.150500
3341	66	5.908500	-0.604500
3343	63	-2.710500	-0.448500
3350	60	-0.507000	-0.390000
3353	65	-4.972500	-2.203500
3356	61	-0.448500	-0.195000
3358	58	5.928000	-1.248000
3358	59	5.752500	-1.735500
3363	66	4.816500	-0.409500
3366	62	-1.521000	0.039000
3371	64	-2.925000	-1.053000
3372	44	-3.978000	1.599000
3387	63	-0.721500	-0.643500
3388	58	7.039500	-1.131000
3388	65	-3.022500	-2.067000
3392	59	7.059000	-1.677000
3394	60	1.540500	-0.721500
3398	66	3.198000	-0.039000
3399	61	1.677000	-0.351000
3402	62	0.156000	-0.175500
3410	64	-0.838500	-1.170000
3423	65	-0.780000	-2.008500
3430	60	3.100500	-1.170000
3430	63	1.404000	-0.819000
3430	66	1.638000	0.292500
3438	61	3.549000	-0.546000
3442	62	2.086500	-0.351000
3446	64	1.287000	-1.345500
3458	66	0.292500	0.390000
3465	60	4.875000	-1.599000
3466	65	1.891500	-1.930500
3469	63	3.373500	-1.033500
3478	61	5.401500	-0.936000
3486	62	4.251000	-0.565500
3488	64	3.724500	-1.443000
3496	66	-1.560000	0.487500
3498	44	-4.290000	1.521000
3500	65	3.880500	-1.969500
3506	60	7.059000	-1.755000
3510	63	5.323500	-1.053000
3515	61	7.059000	-1.267500
3521	64	5.596500	-1.501500
3530	66	-3.178500	0.565500
3540	62	7.039500	-0.624000
3543	63	6.922500	-1.189500
3553	64	7.137000	-1.501500
3556	67	6.942000	-2.437500
3558	65	7.020000	-1.989000
3567	66	-4.855500	0.936000
3576	67	5.284500	-2.398500
3594	66	-5.928000	1.306500
3611	67	2.359500	-2.125500
3623	66	-6.708000	1.852500
3644	67	-0.273000	-2.125500
3660	66	-6.942000	2.652000
3690	67	-3.841500	-2.047500
3732	67	-7.039500	-2.164500
3762	68	-7.000500	-1.306500
3795	68	-5.616000	-0.897000
3834	68	-4.095000	-0.585000
3871	68	-2.554500	-0.585000
3909	68	-0.975000	-0.780000
3912	69	6.961500	-0.897000
3916	70	7.000500	-1.482000
3939	68	0.292500	-1.131000
3943	69	5.304000	-0.721500
3946	70	5.382000	-1.365000
3971	68	1.638000	-1.521000
3975	69	3.666000	-0.448500
3977	70	3.666000	-0.975000
3999	68	2.964000	-1.677000
4004	71	-6.961500	-0.487500
4010	69	1.891500	-0.429000
4011	70	1.872000	-0.858000
4033	68	4.621500	-1.755000
4035	71	-5.245500	-0.799500
4041	70	0.409500	-0.975000
4047	69	0.000000	-0.448500
4068	71	-3.432000	-1.131000
4070	70	-0.877500	-0.975000
4076	69	-1.209000	-0.448500
4080	68	7.000500	-1.443000
4089	71	-2.437500	-1.287000
4093	72	-7.000500	-1.774500
4097	70	-1.540500	-0.799500
4098	69	-1.618500	-0.390000
4106	71	-1.950000	-1.189500
4121	70	-1.267500	-0.760500
4122	69	-1.813500	-0.370500
4123	72	-5.460000	-1.852500
4124	71	-1.735500	-0.955500
4144	44	-4.485000	1.540500
4158	72	-3.549000	-1.930500
4169	70	-1.248000	-0.546000
4176	71	-1.579500	-1.053000
4201	72	-1.326000	-1.950000
4210	71	-1.774500	-0.858000
4240	72	0.741000	-1.813500
4247	44	-4.095000	1.501500
4254	73	-6.981000	-1.677000
4257	74	-6.942000	-2.028000
4277	72	2.847000	-1.794000
4285	73	-5.518500	-1.677000
4292	74	-5.382000	-2.086500
4316	71	-1.501500	-0.994500
4326	73	-3.549000	-1.716000
4330	74	-3.490500	-2.242500
4349	72	6.981000	-1.969500
4368	73	-1.501500	-1.716000
4370	44	-4.485000	1.579500
4380	75	6.961500	-0.975000
4396	74	-0.175500	-2.184000
4408	73	0.507000	-1.716000
4409	75	5.265000	-0.936000
4448	75	3.198000	-0.897000
4449	76	6.981000	-1.404000
4453	74	2.827500	-2.223000
4457	73	2.886000	-1.657500
4460	77	6.922500	-0.780000
4469	76	5.986500	-1.306500
4470	78	6.942000	-1.170000
4479	75	1.560000	-1.326000
4487	77	5.596500	-0.624000
4488	73	4.504500	-1.774500
4492	76	4.816500	-1.248000
4493	78	5.772000	-1.033500
4494	75	0.741000	-1.540500
4502	79	6.981000	-1.170000
4513	80	-6.981000	-1.794000
4516	81	-6.942000	-2.418000
4517	77	4.095000	-0.429000
4518	75	-0.624000	-1.735500
4520	76	3.432000	-1.267500
4523	78	4.114500	-0.858000
4525	79	5.811000	-1.189500
4535	74	7.039500	-2.281500
4539	73	7.059000	-1.813500
4540	80	-5.694000	-1.950000
4543	69	-1.618500	-0.507000
4546	81	-5.518500	-2.437500
4546	82	0.078000	-5.460000
4547	75	-2.242500	-1.657500
4548	77	2.671500	-0.292500
4548	79	4.485000	-1.384500
4552	76	1.950000	-1.423500
4554	78	2.593500	-0.760500
4562	83	1.189500	-5.538000
4564	84	0.565500	-5.518500
4569	80	-4.290000	-2.028000
4570	82	0.780000	-4.329000
4573	79	3.081000	-1.501500
4576	75	-3.841500	-1.267500
4577	85	3.276000	-5.538000
4578	76	0.975000	-1.638000
4579	77	1.267500	-0.136500
4580	81	-3.997500	-2.515500
4581	83	1.989000	-4.504500
4581	84	0.663000	-4.153500
4585	78	1.267500	-0.624000
4593	85	3.763500	-4.114500
4596	82	1.677000	-3.295500
4597	80	-2.983500	-2.028000
4598	79	1.774500	-1.501500
4600	75	-5.128500	-1.053000
4600	84	1.228500	-3.042000
4603	83	2.574000	-3.646500
4607	76	0.058500	-1.521000
4610	77	-0.078000	-0.078000
4613	78	0.234000	-0.507000
4615	85	4.075500	-2.808000
4618	81	-2.242500	-2.457000
4618	84	1.891500	-2.301000
4623	79	0.468000	-1.677000
4625	76	-0.585000	-1.501500
4625	82	2.749500	-2.437500
4627	83	3.354000	-2.730000
4632	80	-1.443000	-2.008500
4636	78	-0.507000	-0.273000
4636	85	4.621500	-1.891500
4638	75	-7.000500	-0.955500
4638	84	2.613000	-1.872000
4640	77	-1.501500	-0.078000
4642	44	-4.875000	1.462500
4645	79	-0.351000	-1.716000
4646	76	-1.462500	-1.599000
4649	85	5.167500	-1.579500
4650	83	4.114500	-2.301000
4652	82	3.744000	-2.086500
4656	80	-0.351000	-2.164500
4656	84	3.490500	-1.755000
4657	78	-1.248000	0.039000
4657	81	-0.487500	-2.515500
4665	79	-1.209000	-1.638000
4666	76	-2.145000	-1.872000
4666	85	5.908500	-1.209000
4671	83	4.972500	-2.184000
4675	77	-2.847000	-0.331500
4677	84	4.465500	-1.638000
4679	78	-2.242500	0.234000
4679	82	4.816500	-1.813500
4687	79	-2.125500	-1.540500
4690	80	1.306500	-2.125500
4691	76	-2.944500	-2.184000
4694	83	5.889000	-2.184000
4695	85	7.039500	-0.897000
4697	81	1.735500	-2.554500
4699	84	5.401500	-1.443000
4702	77	-3.919500	-0.585000
4702	82	5.811000	-1.794000
4708	78	-3.412500	0.156000
4714	79	-3.607500	-1.482000
4721	76	-3.880500	-2.184000
4724	80	3.139500	-2.106000
4724	83	7.098000	-2.106000
4726	77	-4.660500	-0.663000
4726	82	7.000500	-1.560000
4734	78	-4.153500	0.058500
4737	79	-4.933500	-1.384500
4738	84	7.039500	-1.131000
4739	81	4.075500	-2.515500
4748	76	-4.563000	-2.262000
4748	77	-4.933500	-0.936000
4757	78	-4.738500	-0.019500
4759	80	4.992000	-1.930500
4768	44	-4.660500	1.540500
4770	77	-5.128500	-1.033500
4775	79	-7.020000	-1.170000
4776	76	-5.031000	-2.184000
4779	78	-5.284500	-0.078000
4781	86	6.961500	-1.209000
4785	87	6.942000	-0.624000
4785	88	-7.000500	1.326000
4796	81	7.039500	-2.301000
4802	80	7.078500	-1.891500
4805	78	-5.616000	-0.136500
4806	86	5.577000	-1.228500
4808	87	5.460000	-0.507000
4812	88	-6.181500	1.131000
4824	76	-5.265000	-2.418000
4824	77	-5.460000	-1.053000
4828	89	-6.981000	-1.599000
4830	44	-4.348500	1.638000
4834	90	-6.981000	-2.223000
4835	87	3.841500	-0.643500
4836	86	3.822000	-1.443000
4840	88	-5.304000	0.838500
4850	77	-5.908500	-1.053000
4853	89	-5.869500	-1.579500
4857	90	-6.240000	-2.106000
4860	87	2.301000	-0.858000
4862	93	-6.903000	-1.482000
4863	86	2.145000	-1.618500
4865	76	-5.596500	-2.515500
4867	88	-4.426500	0.799500
4868	94	-6.961500	-1.969500
4877	78	-5.986500	-0.292500
4881	77	-6.357000	-1.111500
4881	93	-6.064500	-1.326000
4884	89	-4.641000	-1.423500
4884	90	-5.245500	-2.047500
4885	94	-6.298500	-1.930500
4887	87	0.897000	-1.111500
4888	91	7.020000	-2.905500
4891	86	0.526500	-1.833000
4892	88	-3.744000	0.663000
4897	92	6.922500	-2.203500
4901	77	-6.669000	-1.482000
4903	78	-6.435000	-0.663000
4904	93	-5.206500	-1.404000
4905	91	6.045000	-2.359500
4906	94	-5.479500	-1.891500
4911	76	-5.986500	-2.457000
4911	90	-4.114500	-2.184000
4912	89	-3.666000	-1.326000
4913	87	-0.507000	-1.365000
4918	86	-0.916500	-1.833000
4918	92	5.869500	-1.657500
4919	77	-6.766500	-1.891500
4927	78	-6.786000	-1.150500
4927	88	-3.237000	0.214500
4927	94	-4.699500	-1.930500
4928	89	-3.373500	-1.638000
4929	91	4.699500	-1.794000
4931	90	-3.295500	-2.262000
4934	87	-1.462500	-1.462500
4934	93	-4.173000	-1.482000
4938	86	-1.969500	-1.677000
4939	92	4.582500	-1.267500
4941	89	-3.061500	-1.930500
4942	76	-6.396000	-2.535000
4942	94	-4.348500	-2.242500
4943	77	-6.864000	-2.379000
4945	88	-3.042000	-0.214500
4948	93	-3.783000	-1.540500
4949	90	-2.749500	-2.359500
4951	87	-2.145000	-1.345500
4955	86	-2.730000	-1.404000
4955	91	3.178500	-1.326000
4956	94	-3.880500	-2.223000
4958	89	-2.613000	-2.008500
4959	78	-7.059000	-1.657500
4963	92	3.256500	-0.858000
4965	88	-2.769000	-0.487500
4966	93	-3.549000	-1.794000
4971	87	-2.886000	-0.897000
4973	94	-3.432000	-2.320500
4973	95	6.961500	1.423500
4974	86	-3.510000	-1.209000
4978	89	-1.794000	-1.969500
4982	90	-1.735500	-2.437500
4982	91	1.696500	-0.721500
4984	93	-3.100500	-1.833000
4990	87	-3.880500	-0.702000
4990	88	-2.632500	-0.819000
4990	92	1.696500	-0.351000
4990	95	6.552000	1.326000
4991	94	-3.042000	-2.242500
4998	86	-4.660500	-1.170000
5000	76	-6.513000	-2.710500
5004	89	-0.682500	-1.813500
5008	93	-2.125500	-1.716000
5008	94	-2.281500	-2.398500
5009	91	0.370500	-0.156000
5010	87	-4.972500	-0.643500
5013	88	-2.398500	-1.228500
5013	95	6.318000	1.521000
5015	90	-0.448500	-2.203500
5017	92	0.448500	0.136500
5023	86	-5.850000	-1.092000
5026	95	6.610500	1.657500
5030	89	0.292500	-1.599000
5030	93	-1.092000	-1.599000
5032	94	-1.209000	-2.223000
5035	91	-0.877500	0.214500
5037	88	-2.223000	-1.462500
5040	71	-1.677000	-1.092000
5042	92	-0.858000	0.390000
5044	86	-7.000500	-1.267500
5045	95	7.039500	1.735500
5047	90	0.780000	-2.028000
5048	87	-7.098000	-0.780000
5053	94	-0.292500	-1.950000
5057	91	-2.145000	0.409500
5057	93	-0.078000	-1.326000
5064	89	1.677000	-1.404000
5068	92	-2.281500	0.526500
5079	90	2.281500	-2.028000
5080	94	0.877500	-1.813500
5083	91	-3.471000	0.409500
5088	93	1.111500	-1.170000
5095	92	-3.627000	0.643500
5096	89	3.081000	-1.326000
5103	88	-2.379000	-1.365000
5107	94	2.086500	-1.677000
5115	90	3.919500	-1.969500
5116	91	-5.050500	0.487500
5119	93	2.554500	-1.033500
5125	96	-6.903000	-5.128500
5126	92	-5.089500	0.936000
5130	89	4.738500	-1.267500
5139	97	-5.986500	-5.479500
5142	96	-6.415500	-3.919500
5143	91	-6.142500	0.702000
5143	93	3.705000	-0.955500
5143	94	3.685500	-1.443000
5153	92	-6.162000	1.384500
5156	90	5.479500	-1.716000
5162	97	-5.323500	-3.939000
5163	89	5.889000	-1.072500
5163	96	-5.967000	-2.515500
5171	94	4.875000	-1.560000
5174	93	5.031000	-0.916500
5176	44	-4.270500	1.306500
5178	89	6.357000	-1.033500
5178	91	-7.039500	1.267500
5179	98	6.942000	2.749500
5181	96	-5.967000	-1.560000
5184	97	-5.050500	-2.515500
5185	92	-6.961500	1.911000
5193	90	7.078500	-1.404000
5196	89	7.117500	-1.033500
5196	99	6.961500	1.852500
5197	44	-4.407000	0.741000
5197	98	6.298500	2.515500
5200	77	-6.961500	-2.535000
5201	96	-6.298500	-0.507000
5207	97	-5.187000	-1.482000
5214	98	5.674500	2.203500
5218	44	-5.031000	0.429000
5219	99	6.201000	1.423500
5220	94	7.000500	-1.482000
5220	96	-6.649500	0.331500
5223	93	7.020000	-0.877500
5224	97	-5.635500	-1.072500
5233	98	5.109000	1.735500
5237	88	-2.496000	-1.287000
5239	44	-5.850000	0.253500
5240	96	-6.883500	1.365000
5240	97	-6.064500	-0.760500
5241	99	5.518500	0.916500
5251	98	4.836000	1.189500
5259	88	-2.710500	-1.209000
5260	96	-7.000500	2.262000
5265	44	-6.981000	0.156000
5265	97	-7.039500	-0.448500
5268	99	4.602000	0.195000
5274	98	4.036500	0.643500
5283	88	-3.100500	-1.404000
5293	99	3.588000	-0.292500
5293	100	-6.961500	-1.872000
5294	101	-6.981000	-0.838500
5295	98	3.198000	0.468000
5303	88	-3.685500	-1.521000
5303	102	-6.922500	-2.106000
5315	98	2.203500	0.390000
5316	101	-5.518500	-0.409500
5322	99	2.047500	-0.448500
5322	100	-5.811000	-1.930500
5326	88	-4.582500	-1.209000
5335	102	-5.674500	-2.086500
5336	98	1.189500	0.487500
5343	88	-5.304000	-1.033500
5352	101	-3.432000	0.117000
5353	99	0.468000	-0.117000
5357	98	0.214500	0.721500
5360	100	-4.348500	-1.852500
5367	88	-6.474000	-0.955500
5368	102	-4.387500	-2.106000
5374	103	6.883500	1.287000
5376	101	-2.145000	0.156000
5379	88	-7.039500	-0.994500
5380	98	-0.819000	1.014000
5386	99	-0.916500	0.370500
5392	104	6.961500	0.838500
5393	101	-1.150500	0.039000
5400	77	-7.000500	-2.710500
5405	100	-2.613000	-1.969500
5408	105	6.942000	1.209000
5411	102	-2.691000	-2.184000
5412	101	0.039000	-0.136500
5412	103	5.811000	1.072500
5414	98	-2.418000	0.916500
5415	99	-2.106000	0.468000
5422	104	6.279000	0.526500
5440	101	1.833000	-0.253500
5444	98	-3.724500	0.624000
5444	103	4.719000	0.702000
5444	105	6.103500	0.916500
5447	99	-3.685500	0.097500
5449	100	-0.975000	-1.969500
5452	102	-1.111500	-2.125500
5456	76	-6.513000	-2.983500
5463	104	5.245500	0.292500
5467	101	3.549000	-0.429000
5475	103	4.095000	0.370500
5476	77	-7.039500	-2.886000
5477	76	-6.766500	-3.646500
5480	98	-5.245500	0.273000
5482	99	-5.128500	-0.273000
5482	105	4.836000	0.741000
5492	104	4.387500	0.117000
5493	102	0.429000	-2.008500
5495	100	0.721500	-1.735500
5497	106	6.883500	-2.086500
5500	101	5.616000	-0.097500
5512	103	3.100500	0.195000
5515	105	3.900000	0.546000
5523	98	-7.000500	-0.039000
5526	106	5.362500	-2.086500
5527	101	7.059000	0.663000
5528	104	3.256500	-0.175500
5529	99	-6.981000	-0.604500
5533	100	2.067000	-1.540500
5534	76	-7.020000	-5.596500
5536	102	2.008500	-1.852500
5542	103	2.223000	0.214500
5544	105	2.983500	0.448500
5554	106	3.822000	-2.301000
5561	107	-6.961500	-1.053000
5563	104	2.301000	-0.175500
5572	105	2.125500	0.429000
5573	100	3.529500	-1.326000
5576	109	6.942000	-1.872000
5576	110	6.883500	-2.145000
5577	102	3.510000	-1.560000
5578	106	2.632500	-2.281500
5582	108	-6.883500	-1.618500
5586	103	0.936000	0.370500
5591	107	-5.557500	-0.916500
5601	110	5.772000	-2.242500
5606	105	1.170000	0.565500
5607	109	5.460000	-2.047500
5609	106	1.326000	-2.301000
5611	104	0.682500	0.000000
5613	108	-5.460000	-1.423500
5613	111	-6.961500	-1.969500
5615	102	4.875000	-1.404000
5618	100	5.226000	-1.131000
5625	107	-4.075500	-0.799500
5626	112	-6.922500	-1.345500
5629	110	4.504500	-2.203500
5630	103	-0.526500	0.604500
5637	109	4.075500	-1.989000
5639	106	0.351000	-2.125500
5642	113	6.942000	2.203500
5645	111	-5.382000	-1.989000
5649	108	-4.017000	-1.033500
5650	102	5.986500	-1.579500
5653	104	-0.838500	0.292500
5654	105	-0.351000	0.702000
5654	110	3.412500	-1.969500
5655	112	-5.518500	-1.462500
5657	107	-2.905500	-0.331500
5663	113	6.064500	1.696500
5665	109	3.100500	-1.657500
5670	106	-0.682500	-1.930500
5673	100	7.000500	-1.384500
5676	103	-2.106000	0.721500
5676	111	-3.958500	-2.203500
5680	107	-1.989000	-0.117000
5681	102	7.000500	-1.755000
5682	112	-4.446000	-1.813500
5684	110	2.203500	-1.774500
5685	108	-2.847000	-0.487500
5689	113	5.089500	1.111500
5694	105	-1.657500	0.799500
5696	104	-2.242500	0.312000
5696	106	-1.599000	-2.047500
5699	111	-3.198000	-2.418000
5700	109	1.774500	-1.540500
5705	112	-3.666000	-2.047500
5707	107	-0.838500	-0.039000
5713	108	-2.047500	-0.175500
5713	110	0.994500	-1.891500
5713	113	4.173000	0.624000
5717	106	-2.242500	-1.813500
5719	111	-2.769000	-2.340000
5723	103	-3.724500	0.721500
5723	112	-3.139500	-2.145000
5726	70	-1.053000	-0.663000
5733	109	0.351000	-1.735500
5738	106	-2.710500	-1.287000
5738	107	0.253500	-0.331500
5739	105	-3.432000	0.780000
5739	108	-1.033500	-0.039000
5741	113	2.905500	0.448500
5744	111	-1.950000	-2.418000
5745	112	-2.515500	-2.008500
5746	70	-1.033500	-1.014000
5749	110	-0.370500	-2.028000
5751	104	-3.900000	0.273000
5763	113	1.852500	0.682500
5764	106	-3.120000	-0.702000
5765	107	1.345500	-0.624000
5765	112	-1.969500	-2.086500
5767	109	-0.877500	-1.833000
5768	108	0.273000	-0.409500
5769	111	-1.365000	-2.457000
5771	70	-0.955500	-1.326000
5772	103	-5.343000	0.468000
5776	110	-1.248000	-1.950000
5778	105	-4.758000	0.663000
5787	112	-1.657500	-2.145000
5787	113	0.741000	0.877500
5795	106	-3.373500	0.019500
5796	107	2.710500	-1.014000
5796	111	-1.111500	-2.359500
5800	71	-1.833000	-0.975000
5801	108	1.833000	-0.487500
5802	70	-0.858000	-1.755000
5802	104	-5.557500	0.214500
5805	109	-2.125500	-1.638000
5806	110	-2.281500	-1.833000
5809	105	-5.616000	0.702000
5813	113	-0.546000	0.897000
5816	111	-0.858000	-2.223000
5819	112	-1.423500	-2.145000
5825	107	3.958500	-1.540500
5826	106	-3.510000	0.624000
5828	114	-7.000500	-1.774500
5828	115	-6.981000	2.691000
5835	108	3.471000	-0.643500
5836	103	-6.922500	0.351000
5836	113	-1.618500	0.858000
5837	104	-6.571500	0.234000
5840	109	-3.510000	-1.560000
5842	70	-0.897000	-1.891500
5842	110	-3.861000	-1.677000
5849	105	-6.552000	0.955500
5849	106	-3.705000	0.916500
5851	114	-5.518500	-2.047500
5854	107	5.284500	-1.891500
5856	115	-6.591000	2.106000
5861	113	-2.808000	0.663000
5867	104	-7.020000	0.507000
5867	112	-1.287000	-2.125500
5870	108	5.167500	-0.936000
5873	110	-5.245500	-1.657500
5874	105	-7.059000	1.209000
5876	114	-3.783000	-2.281500
5880	109	-5.284500	-1.423500
5888	107	7.000500	-2.086500
5888	113	-4.212000	0.370500
5888	115	-6.006000	1.443000
5895	116	-6.922500	-1.930500
5900	114	-2.145000	-2.613000
5911	108	6.942000	-1.657500
5914	115	-5.304000	0.975000
5916	113	-5.752500	0.214500
5917	110	-7.078500	-1.638000
5919	116	-5.518500	-2.086500
5924	114	-0.429000	-2.925000
5926	109	-7.039500	-1.462500
5930	111	-0.741000	-2.223000
5939	113	-6.961500	0.058500
5945	115	-4.192500	0.429000
5947	116	-3.822000	-1.950000
5955	114	1.833000	-2.769000
5975	116	-2.164500	-1.540500
5977	115	-2.808000	0.351000
5985	114	4.017000	-2.359500
5991	106	-3.744000	0.604500
6001	116	-0.643500	-1.053000
6003	115	-1.618500	0.175500
6005	118	-6.708000	2.593500
6015	117	6.903000	0.897000
6016	106	-3.568500	0.370500
6024	116	0.682500	-0.916500
6027	114	7.078500	-2.379000
6028	118	-6.649500	1.989000
6036	115	-0.175500	-0.078000
6040	117	5.499000	0.565500
6043	106	-3.783000	0.351000
6055	116	2.554500	-0.799500
6058	118	-6.337500	1.521000
6062	117	4.095000	0.351000
6062	119	-6.942000	1.228500
6072	115	1.404000	-0.429000
6078	106	-4.368000	0.468000
6084	118	-5.674500	1.404000
6088	116	4.524000	-0.838500
6089	117	2.418000	0.507000
6093	119	-5.889000	1.053000
6099	106	-5.265000	0.312000
6104	115	2.983500	-0.624000
6109	117	1.033500	0.585000
6115	118	-4.582500	1.443000
6130	116	6.981000	-1.170000
6130	119	-4.563000	1.053000
6135	117	-0.604500	0.526500
6136	106	-6.942000	-0.136500
6141	115	4.953000	-0.721500
6142	120	6.961500	-2.047500
6153	118	-3.217500	1.462500
6159	119	-3.334500	1.014000
6162	117	-2.262000	0.409500
6167	121	6.942000	-1.774500
6175	120	5.538000	-1.950000
6182	115	7.039500	-1.228500
6185	118	-2.008500	1.267500
6192	117	-4.095000	0.741000
6197	119	-1.774500	0.877500
6197	121	5.401500	-1.404000
6205	69	-1.872000	-0.526500
6205	120	4.173000	-1.833000
6219	117	-5.479500	1.111500
6223	118	-0.624000	1.053000
6230	121	3.880500	-1.170000
6237	119	-0.214500	0.663000
6241	117	-6.298500	1.735500
6242	120	2.652000	-1.560000
6245	122	-6.942000	1.579500
6256	118	0.663000	0.721500
6263	121	2.359500	-0.994500
6266	117	-6.747000	2.671500
6268	123	-6.883500	0.721500
6275	119	1.228500	0.312000
6275	120	1.228500	-1.189500
6278	122	-6.474000	0.994500
6290	118	1.950000	0.409500
6293	121	1.170000	-0.702000
6300	71	-2.047500	-0.955500
6303	123	-5.967000	0.078000
6305	122	-5.850000	0.721500
6312	119	2.691000	-0.117000
6315	120	-0.234000	-0.468000
6321	118	3.081000	0.156000
6321	121	0.195000	-0.331500
6327	71	-1.716000	-1.033500
6332	69	-1.560000	-0.585000
6337	123	-5.011500	-0.273000
6339	122	-5.070000	0.526500
6343	120	-1.189500	-0.078000
6347	121	-0.858000	0.019500
6351	118	4.368000	-0.156000
6355	71	-1.170000	-0.975000
6358	119	4.465500	-0.721500
6365	123	-4.153500	-0.409500
6366	122	-4.504500	0.078000
6369	120	-2.067000	0.058500
6371	121	-1.911000	0.351000
6375	69	-1.326000	-0.682500
6381	71	-0.643500	-0.799500
6386	118	5.811000	-0.682500
6393	122	-3.978000	-0.214500
6394	124	6.961500	2.398500
6397	123	-3.256500	-0.565500
6400	121	-3.061500	0.546000
6405	120	-3.373500	0.234000
6409	71	-0.292500	-0.682500
6413	119	6.961500	-1.501500
6414	124	6.181500	2.398500
6414	125	6.961500	1.306500
6415	118	7.020000	-1.111500
6422	121	-4.056000	0.507000
6426	122	-3.217500	-0.234000
6428	71	0.214500	-0.819000
6430	123	-2.379000	-0.390000
6431	124	5.713500	2.379000
6434	69	-1.462500	-0.916500
6435	120	-4.680000	0.039000
6437	125	6.220500	1.716000
6443	124	5.421000	2.652000
6446	121	-5.148000	0.234000
6447	126	6.942000	1.462500
6455	71	1.326000	-0.955500
6458	122	-2.242500	-0.078000
6461	123	-1.501500	-0.273000
6461	125	5.635500	2.515500
6462	120	-5.791500	-0.234000
6462	124	5.109000	3.081000
6473	126	6.084000	2.067000
6476	69	-1.521000	-1.345500
6483	71	3.022500	-1.111500
6489	124	5.070000	3.744000
6490	125	5.284500	3.471000
6491	120	-6.981000	-0.487500
6491	121	-6.981000	-0.117000
6492	122	-1.053000	0.214500
6493	123	-0.507000	-0.429000
6500	126	5.479500	2.925000
6507	71	4.680000	-1.462500
6508	69	-1.540500	-1.579500
6516	124	5.011500	4.621500
6516	125	5.343000	4.368000
6523	70	-0.819000	-1.638000
6524	122	0.097500	0.078000
6528	127	-6.903000	-1.540500
6529	126	5.148000	3.841500
6529	128	-6.981000	-2.203500
6530	123	0.643500	-0.604500
6543	71	7.195500	-2.067000
6550	124	4.816500	5.557500
6553	69	-1.267500	-1.501500
6553	122	1.189500	-0.175500
6555	125	5.401500	5.616000
6559	126	5.089500	4.777500
6561	127	-5.187000	-1.131000
6563	128	-5.109000	-1.794000
6572	123	1.930500	-1.033500
6572	129	-6.922500	-1.111500
6589	126	4.953000	5.616000
6590	122	2.574000	-0.429000
6595	127	-3.490500	-0.741000
6601	129	-5.148000	-0.292500
6602	128	-3.139500	-1.267500
6608	123	3.081000	-1.404000
6628	129	-3.393000	0.390000
6629	122	3.919500	-0.819000
6632	127	-1.579500	-0.468000
6635	128	-1.501500	-1.014000
6650	123	4.758000	-1.794000
6654	129	-1.774500	0.604500
6667	122	5.440500	-1.209000
6670	127	0.331500	-0.546000
6673	128	0.390000	-1.150500
6678	129	-0.253500	0.546000
6701	129	1.189500	0.429000
6703	128	1.852500	-1.579500
6705	123	7.039500	-2.359500
6707	127	2.262000	-0.897000
6709	122	7.039500	-1.677000
6728	129	2.983500	0.331500
6736	128	3.646500	-1.969500
6744	127	4.134000	-1.365000
6750	130	-7.000500	2.125500
6753	129	4.680000	0.526500
6765	131	-6.961500	1.092000
6768	128	5.362500	-2.301000
6777	130	-6.610500	1.501500
6791	131	-6.337500	0.604500
6793	129	7.020000	1.092000
6797	127	7.059000	-1.657500
6799	128	6.961500	-2.476500
6800	111	-0.624000	-2.164500
6808	130	-5.928000	1.150500
6820	131	-5.460000	0.312000
6832	130	-5.187000	0.838500
6846	131	-4.738500	0.253500
6860	130	-4.485000	0.721500
6871	131	-4.095000	0.078000
6890	130	-3.724500	0.585000
6901	131	-3.237000	-0.097500
6922	130	-2.964000	0.390000
6926	132	6.961500	-0.916500
6929	131	-2.457000	-0.156000
6947	132	5.791500	-0.897000
6950	133	-6.942000	-1.521000
6951	130	-2.242500	0.312000
6951	131	-1.969500	0.019500
6954	134	-6.942000	-0.741000
6975	131	-1.482000	0.058500
6979	130	-1.579500	0.331500
6982	133	-5.323500	-1.228500
6986	134	-5.245500	-0.546000
6988	132	3.198000	-0.858000
6999	135	-6.864000	-0.916500
7000	70	-0.955500	-1.521000
7004	131	-0.916500	-0.058500
7009	130	-0.877500	0.390000
7015	133	-3.529500	-1.014000
7023	134	-3.256500	-0.448500
7023	135	-5.889000	-1.033500
7029	132	0.819000	-0.643500
7029	136	6.981000	0.838500
7036	131	-0.136500	-0.078000
7037	130	-0.195000	0.390000
7046	133	-2.008500	-0.838500
7052	132	-0.487500	-0.819000
7054	135	-4.524000	-0.877500
7058	134	-1.560000	-0.312000
7059	131	0.390000	-0.097500
7065	133	-1.131000	-0.604500
7066	130	0.331500	0.292500
7067	136	5.616000	0.390000
7075	132	-1.735500	-0.955500
7081	131	0.741000	-0.117000
7082	133	-0.292500	-0.624000
7083	134	-0.331500	-0.292500
7086	135	-3.081000	-0.429000
7087	130	0.585000	0.526500
7101	136	4.134000	0.136500
7105	132	-3.549000	-0.994500
7109	133	1.248000	-0.819000
7109	135	-2.008500	-0.429000
7115	134	1.228500	-0.448500
7118	131	0.858000	0.097500
7129	136	2.886000	0.156000
7135	137	-6.981000	-2.067000
7136	132	-5.343000	-1.170000
7141	135	-0.526500	-0.799500
7145	133	3.198000	-1.131000
7148	131	1.033500	0.097500
7150	134	3.159000	-0.702000
7151	136	1.950000	0.487500
7156	138	-6.922500	-1.014000
7165	132	-7.039500	-1.482000
7168	139	5.986500	4.387500
7171	137	-5.557500	-1.813500
7176	135	1.189500	-1.053000
7177	136	0.936000	0.838500
7178	133	5.011500	-1.248000
7184	138	-5.460000	-0.936000
7185	134	5.031000	-0.897000
7191	69	-1.482000	-1.618500
7193	137	-4.855500	-1.423500
7197	139	5.830500	3.432000
7197	140	6.045000	4.407000
7208	136	-0.429000	0.819000
7210	131	0.877500	0.039000
7211	135	3.061500	-1.053000
7212	138	-4.173000	-0.780000
7213	137	-3.919500	-1.209000
7217	133	6.961500	-1.287000
7226	134	7.078500	-0.936000
7229	140	5.616000	3.412500
7230	139	5.499000	2.320500
7239	69	-1.365000	-1.404000
7240	137	-2.574000	-0.994500
7242	138	-2.691000	-0.663000
7244	136	-1.891500	0.585000
7257	135	5.362500	-1.014000
7261	139	4.972500	1.384500
7268	140	5.089500	2.242500
7271	137	-0.994500	-0.760500
7275	138	-1.150500	-0.448500
7288	136	-3.861000	0.058500
7291	139	4.270500	0.682500
7293	135	7.000500	-1.306500
7296	137	0.175500	-0.936000
7299	138	0.136500	-0.624000
7306	140	4.738500	1.053000
7320	139	3.354000	0.019500
7321	137	1.482000	-1.423500
7327	136	-5.596500	-0.195000
7330	138	1.657500	-0.975000
7334	140	3.939000	0.370500
7344	131	1.111500	-0.019500
7346	141	-6.961500	-1.638000
7352	137	3.120000	-1.930500
7352	139	2.203500	-0.409500
7360	140	2.925000	0.214500
7363	136	-7.078500	-0.312000
7363	138	3.451500	-1.267500
7364	142	-6.903000	-1.092000
7380	141	-5.011500	-1.404000
7381	139	1.014000	-0.604500
7382	137	4.797000	-2.145000
7387	140	1.930500	0.604500
7395	142	-4.992000	-0.838500
7400	138	5.382000	-1.599000
7402	131	1.170000	0.195000
7410	139	-0.078000	-0.312000
7413	140	0.916500	0.994500
7417	141	-2.964000	-1.150500
7421	137	6.981000	-2.184000
7426	142	-3.139500	-0.546000
7430	138	7.000500	-1.755000
7433	143	7.000500	0.799500
7440	140	-0.273000	0.897000
7443	139	-1.365000	0.175500
7451	141	-0.955500	-0.916500
7457	142	-1.248000	-0.526500
7462	143	5.752500	0.331500
7476	140	-1.891500	0.721500
7482	139	-2.847000	0.448500
7483	144	-6.942000	-1.872000
7485	146	6.942000	0.897000
7486	131	0.955500	0.019500
7489	145	-6.864000	-1.072500
7490	141	1.170000	-1.306500
7491	143	4.582500	0.078000
7494	142	0.916500	-0.663000
7507	147	-6.961500	-2.203500
7510	140	-3.393000	0.819000
7511	131	1.267500	-0.156000
7512	146	6.025500	0.741000
7514	144	-5.616000	-1.696500
7514	145	-5.869500	-0.955500
7518	139	-4.387500	0.546000
7519	148	6.942000	0.760500
7523	143	3.042000	0.058500
7524	141	3.139500	-1.638000
7530	142	3.159000	-0.858000
7533	147	-5.557500	-2.125500
7539	146	5.206500	0.507000
7539	148	6.240000	0.409500
7540	145	-4.758000	-0.702000
7541	149	-6.864000	2.242500
7544	130	0.663000	0.448500
7546	144	-4.290000	-1.482000
7548	143	1.989000	0.604500
7550	139	-5.362500	0.624000
7550	140	-5.089500	1.053000
7558	141	5.187000	-1.755000
7559	131	1.462500	-0.273000
7561	146	4.465500	0.390000
7561	147	-4.114500	-1.911000
7565	145	-3.666000	-0.585000
7566	142	5.265000	-0.897000
7567	148	5.109000	0.078000
7570	130	0.955500	0.195000
7572	139	-5.830500	0.682500
7576	143	0.721500	0.877500
7578	140	-5.947500	1.053000
7583	144	-2.808000	-0.916500
7583	146	4.036500	0.253500
7584	149	-6.766500	1.774500
7586	131	1.755000	-0.351000
7588	141	7.000500	-1.774500
7588	148	4.192500	-0.058500
7592	147	-2.788500	-1.462500
7593	145	-2.613000	-0.253500
7597	130	1.521000	0.117000
7597	142	7.000500	-1.014000
7598	146	3.744000	0.292500
7599	139	-6.103500	0.955500
7600	149	-7.000500	1.228500
7605	148	3.822000	-0.156000
7606	140	-6.357000	1.423500
7606	143	-0.643500	1.033500
7614	144	-1.755000	-0.663000
7614	147	-1.852500	-1.131000
7619	145	-1.599000	-0.156000
7623	131	1.969500	-0.507000
7626	151	-6.883500	-1.735500
7628	148	3.334500	-0.039000
7630	150	-6.981000	-1.170000
7631	130	1.891500	-0.039000
7631	139	-6.571500	1.326000
7632	146	3.588000	0.312000
7634	147	-1.092000	-0.916500
7643	143	-2.457000	0.975000
7646	144	-0.643500	-0.663000
7646	145	-0.994500	-0.156000
7648	131	2.515500	-0.975000
7648	147	-0.604500	-1.131000
7649	140	-6.981000	2.437500
7652	146	3.139500	0.292500
7655	130	2.106000	-0.448500
7655	151	-5.694000	-1.384500
7658	148	2.613000	0.136500
7658	150	-5.772000	-0.955500
7661	139	-6.981000	1.852500
7666	147	0.253500	-1.209000
7671	145	-0.468000	-0.175500
7674	144	0.058500	-0.604500
7675	131	3.471000	-1.170000
7676	130	2.671500	-0.604500
7677	146	2.496000	0.448500
7680	143	-4.173000	1.189500
7681	152	6.981000	-2.242500
7685	151	-4.446000	-1.189500
7688	153	6.961500	-1.638000
7690	147	1.443000	-1.365000
7692	144	0.331500	-0.663000
7692	150	-4.446000	-0.760500
7693	148	1.404000	0.370500
7697	145	0.253500	-0.234000
7698	130	3.471000	-0.487500
7700	131	4.153500	-0.916500
7706	146	1.579500	0.663000
7712	143	-5.616000	1.423500
7713	152	5.460000	-2.184000
7715	144	0.994500	-0.819000
7715	147	2.886000	-1.209000
7720	153	5.440500	-1.540500
7724	154	-6.844500	-1.599000
7724	155	6.961500	-1.833000
7725	130	4.582500	-0.273000
7725	151	-2.964000	-0.897000
7726	148	0.097500	0.292500
7727	131	4.992000	-0.741000
7727	145	1.131000	-0.487500
7732	150	-2.886000	-0.546000
7735	146	0.565500	0.838500
7738	143	-6.454500	1.696500
7741	147	4.251000	-0.916500
7744	144	2.008500	-0.916500
7745	145	1.813500	-0.468000
7746	152	4.075500	-1.989000
7746	153	4.231500	-1.521000
7749	154	-5.167500	-1.404000
7751	155	5.655000	-1.969500
7755	130	5.947500	-0.253500
7757	151	-1.638000	-0.819000
7759	147	5.167500	-1.033500
7763	148	-1.404000	0.351000
7766	143	-6.961500	2.476500
7766	145	2.047500	-0.468000
7773	146	-0.838500	0.936000
7774	150	-1.131000	-0.331500
7776	131	6.981000	-1.131000
7777	144	3.198000	-0.897000
7777	153	3.081000	-1.423500
7778	147	6.259500	-1.326000
7778	154	-3.354000	-1.014000
7778	158	-6.922500	-1.696500
7780	156	-6.922500	-0.955500
7782	152	2.652000	-1.911000
7783	130	7.020000	-0.468000
7783	157	-6.961500	-1.813500
7787	155	3.841500	-2.281500
7794	144	3.373500	-0.955500
7796	147	7.000500	-1.813500
7796	151	-0.078000	-0.702000
7800	148	-2.749500	0.175500
7806	158	-5.674500	-1.384500
7807	153	2.047500	-1.228500
7808	154	-1.443000	-0.663000
7809	145	2.242500	-0.312000
7809	146	-2.203500	0.936000
7809	150	0.370500	-0.195000
7809	157	-5.811000	-1.618500
7812	152	1.774500	-1.755000
7812	156	-5.635500	-0.741000
7819	155	2.184000	-2.476500
7822	144	3.178500	-0.936000
7832	154	-0.214500	-0.585000
7833	151	1.326000	-0.507000
7836	153	1.267500	-1.267500
7836	157	-4.699500	-1.365000
7837	145	2.593500	-0.312000
7837	158	-4.446000	-1.287000
7840	148	-4.075500	0.195000
7842	152	0.994500	-1.677000
7843	150	1.735500	0.214500
7843	155	0.975000	-2.827500
7843	156	-4.329000	-0.585000
7853	146	-3.802500	0.838500
7857	151	2.106000	-0.214500
7858	153	0.760500	-1.072500
7860	145	3.490500	-0.526500
7860	150	2.301000	0.234000
7861	154	1.209000	-0.682500
7862	144	3.549000	-0.994500
7863	157	-3.666000	-1.248000
7867	155	-0.390000	-3.061500
7868	152	0.273000	-1.287000
7873	158	-2.983500	-0.955500
7874	151	2.788500	-0.097500
7875	156	-2.944500	-0.253500
7882	148	-5.499000	0.097500
7883	145	4.446000	-0.429000
7885	154	2.691000	-1.209000
7888	150	3.529500	0.175500
7888	157	-2.515500	-0.897000
7889	144	4.719000	-1.014000
7894	153	0.097500	-0.702000
7897	146	-5.518500	0.760500
7897	155	-1.891500	-3.042000
7898	152	-0.409500	-0.897000
7898	159	6.961500	-1.540500
7904	158	-1.735500	-0.429000
7906	151	4.017000	-0.234000
7909	145	5.694000	-0.546000
7910	156	-1.716000	0.292500
7911	154	4.270500	-1.774500
7913	157	-1.521000	-0.429000
7921	155	-3.061500	-2.691000
7922	152	-1.072500	-0.799500
7925	153	-0.780000	-0.487500
7929	157	-0.877500	-0.234000
7931	150	5.187000	-0.117000
7931	154	5.694000	-2.086500
7932	159	5.245500	-1.618500
7934	148	-7.020000	-0.039000
7935	144	6.942000	-1.209000
7936	151	5.187000	-0.604500
7939	145	7.000500	-0.721500
7939	156	-0.682500	0.468000
7939	158	-0.468000	-0.058500
7943	155	-4.095000	-2.535000
7946	146	-7.020000	0.507000
7947	157	-0.234000	-0.253500
7950	153	-1.579500	-0.448500
7950	154	7.020000	-2.145000
7959	152	-2.340000	-0.955500
7966	156	0.370500	0.507000
7968	157	0.507000	-0.390000
7969	155	-5.538000	-2.359500
7974	158	0.624000	-0.136500
7977	159	3.120000	-1.228500
7980	151	6.942000	-1.131000
7982	150	6.981000	-0.448500
7985	152	-3.412500	-1.033500
7987	160	6.961500	-1.657500
7989	153	-3.061500	-0.214500
7995	155	-7.059000	-2.242500
8000	112	-1.423500	-2.067000
8000	156	1.482000	0.351000
8000	157	1.638000	-0.624000
8008	158	1.735500	-0.370500
8015	152	-4.738500	-0.682500
8015	159	1.482000	-0.936000
8021	160	4.953000	-1.462500
8027	153	-4.348500	0.136500
8029	156	2.593500	0.117000
8037	157	2.925000	-0.799500
8040	152	-5.772000	-0.468000
8043	158	3.061500	-0.585000
8059	159	-0.370500	-0.585000
8062	152	-6.532500	-0.156000
8062	156	3.900000	-0.156000
8063	153	-5.440500	0.624000
8064	160	2.593500	-1.209000
8071	157	4.251000	-0.955500
8079	158	4.387500	-0.838500
8083	152	-7.020000	0.253500
8091	160	1.287000	-0.760500
8095	159	-1.930500	-0.682500
8098	156	5.323500	-0.546000
8101	157	5.499000	-1.345500
8102	153	-6.337500	1.443000
8111	158	5.577000	-1.267500
8120	160	0.019500	-0.331500
8134	159	-3.666000	-0.916500
8140	157	6.942000	-1.735500
8141	156	6.981000	-1.053000
8144	153	-6.727500	2.164500
8147	161	1.969500	4.543500
8148	158	6.981000	-1.599000
8155	160	-1.365000	0.214500
8171	159	-5.343000	-1.150500
8179	162	-6.942000	-2.145000
8184	160	-2.554500	0.507000
8185	163	-6.961500	-1.735500
8198	161	2.028000	2.671500
8209	159	-7.059000	-1.306500
8209	163	-5.596500	-1.560000
8212	160	-3.627000	0.838500
8213	162	-4.992000	-1.911000
8220	161	1.969500	1.755000
8233	161	1.482000	1.326000
8237	163	-4.036500	-1.170000
8245	162	-3.295500	-1.462500
8246	164	6.922500	-0.780000
8249	160	-5.031000	1.014000
8250	161	0.721500	1.014000
8267	161	-0.234000	0.838500
8268	163	-2.418000	-0.721500
8268	165	6.903000	-3.607500
8271	162	-1.833000	-1.092000
8275	160	-5.752500	1.072500
8283	164	5.148000	-0.643500
8295	161	-1.911000	0.760500
8296	165	5.752500	-2.145000
8298	166	5.031000	5.460000
8300	162	-0.331500	-1.053000
8300	163	-0.760500	-0.546000
8302	169	6.883500	-2.457000
8307	160	-6.454500	1.482000
8309	168	6.961500	0.897000
8310	167	6.123000	4.446000
8313	164	3.822000	-0.078000
8313	170	-6.961500	-1.131000
8320	165	4.407000	-1.443000
8324	161	-3.627000	0.604500
8328	163	0.702000	-0.721500
8328	169	5.596500	-1.755000
8330	166	5.245500	4.465500
8335	162	1.306500	-1.540500
8337	160	-6.708000	1.501500
8338	164	2.769000	0.253500
8339	167	6.045000	3.393000
8341	171	6.903000	0.546000
8346	168	5.674500	0.546000
8348	170	-5.401500	-0.643500
8349	165	2.944500	-0.663000
8355	161	-5.343000	0.994500
8356	163	2.203500	-1.170000
8358	169	4.114500	-0.955500
8363	166	5.343000	3.432000
8366	171	5.811000	0.078000
8367	164	1.755000	0.604500
8369	160	-7.020000	1.443000
8369	167	5.889000	2.262000
8370	162	3.178500	-1.872000
8374	165	1.560000	-0.429000
8377	168	4.485000	0.312000
8378	161	-6.162000	1.384500
8379	170	-4.036500	-0.390000
8388	163	3.939000	-1.306500
8395	164	0.565500	0.643500
8395	169	2.398500	-0.175500
8395	171	4.407000	-0.370500
8398	166	5.304000	2.340000
8400	162	4.836000	-1.794000
8406	165	-0.214500	0.039000
8406	167	5.635500	0.819000
8407	168	3.373500	0.156000
8410	161	-6.727500	2.320500
8412	170	-2.515500	-0.429000
8425	171	2.925000	-0.565500
8426	169	1.014000	0.078000
8428	164	-0.799500	0.663000
8428	166	4.972500	1.482000
8434	168	2.301000	0.214500
8438	162	6.942000	-1.852500
8440	165	-1.969500	0.468000
8442	167	5.206500	-0.682500
8443	163	7.000500	-1.189500
8444	170	-1.228500	-0.604500
8456	171	1.501500	-0.292500
8459	166	4.407000	0.468000
8461	169	-0.370500	0.546000
8465	164	-2.067000	0.682500
8471	168	0.975000	0.624000
8472	172	-6.922500	0.351000
8475	167	4.621500	-2.047500
8475	173	-6.942000	-0.273000
8476	165	-3.744000	0.799500
8481	166	3.861000	-0.234000
8483	170	0.468000	-0.936000
8494	167	4.270500	-2.574000
8494	171	-0.117000	-0.019500
8496	164	-3.295500	0.663000
8497	169	-1.735500	1.053000
8504	168	-0.214500	0.955500
8506	173	-5.889000	-0.721500
8510	172	-5.557500	0.019500
8511	165	-5.382000	1.170000
8511	170	1.813500	-1.072500
8513	166	3.198000	-1.462500
8524	167	4.075500	-2.788500
8525	169	-2.847000	1.228500
8533	171	-1.657500	0.370500
8534	164	-4.875000	0.585000
8539	168	-1.404000	1.014000
8540	165	-6.415500	1.560000
8541	173	-4.504500	-1.053000
8542	166	2.554500	-2.437500
8548	169	-3.529500	1.384500
8550	170	3.685500	-0.838500
8554	172	-3.841500	-0.156000
8557	167	3.510000	-2.788500
8560	165	-7.059000	1.950000
8565	166	2.242500	-2.652000
8573	168	-2.613000	0.975000
8573	171	-3.198000	0.468000
8580	167	3.022500	-2.964000
8580	169	-4.485000	1.599000
8580	173	-2.788500	-0.916500
8587	164	-7.000500	-0.097500
8587	170	5.616000	-0.916500
8599	172	-1.852500	0.058500
8604	169	-5.089500	1.482000
8607	167	2.827500	-2.944500
8609	168	-3.978000	1.053000
8615	170	7.078500	-1.033500
8616	166	2.203500	-2.944500
8616	173	-1.111500	-0.682500
8617	171	-4.641000	0.448500
8633	167	2.691000	-3.451500
8633	169	-5.323500	1.599000
8639	166	1.969500	-3.744000
8642	172	0.312000	0.019500
8646	168	-5.440500	1.053000
8652	173	0.565500	-0.682500
8653	167	2.652000	-4.212000
8654	171	-6.142500	0.663000
8673	168	-6.298500	1.404000
8677	167	2.574000	-5.479500
8681	171	-7.020000	1.267500
8684	172	2.418000	-0.175500
8686	166	1.696500	-5.518500
8686	173	2.242500	-0.955500
8691	169	-5.479500	1.638000
8708	168	-6.825000	2.223000
8708	174	-6.961500	0.390000
8712	172	3.432000	-0.214500
8713	169	-5.889000	1.365000
8715	173	3.451500	-1.092000
8732	172	3.841500	-0.117000
8733	169	-6.220500	1.404000
8736	173	3.841500	-1.072500
8740	174	-6.513000	0.078000
8753	172	4.075500	-0.331500
8760	173	4.329000	-1.014000
8766	169	-6.025500	1.365000
8774	172	4.797000	-0.585000
8785	173	5.694000	-1.326000
8801	175	-6.961500	-1.599000
8808	176	-6.864000	-1.150500
8811	173	7.020000	-1.267500
8816	172	7.098000	-0.760500
8835	176	-5.421000	-1.345500
8838	175	-5.323500	-1.852500
8867	176	-3.861000	-1.189500
8872	175	-3.685500	-1.638000
8875	177	6.922500	-2.262000
8885	174	-6.337500	0.078000
8895	178	6.903000	-2.028000
8903	176	-1.989000	-0.702000
8908	175	-2.086500	-1.150500
8917	177	4.699500	-2.028000
8926	178	4.992000	-1.618500
8938	175	-0.624000	-0.916500
8939	176	-0.312000	-0.429000
8947	177	3.373500	-1.774500
8958	178	3.256500	-1.404000
8974	176	1.326000	-0.331500
8979	175	1.267500	-0.702000
8979	177	2.106000	-1.599000
8983	178	2.340000	-1.384500
8997	177	1.423500	-1.638000
9006	178	1.560000	-1.326000
9007	175	2.535000	-0.741000
9009	176	2.808000	-0.136500
9021	177	0.604500	-1.326000
9035	178	0.604500	-0.936000
9038	176	4.114500	0.370500
9040	175	3.978000	-0.507000
9047	177	-0.058500	-0.936000
9061	178	-0.175500	-0.546000
9064	175	5.050500	0.039000
9074	176	5.635500	0.838500
9074	177	-0.858000	-0.838500
9088	175	6.045000	0.019500
9089	178	-1.092000	-0.214500
9101	177	-1.599000	-0.799500
9105	176	6.961500	0.409500
9111	175	7.039500	-0.273000
9112	179	-6.864000	2.613000
9113	178	-1.891500	-0.351000
9134	174	-6.337500	-0.097500
9134	177	-2.437500	-0.838500
9138	178	-2.457000	-0.409500
9145	179	-6.396000	2.106000
9164	174	-6.961500	-0.448500
9164	177	-2.847000	-0.897000
9165	178	-2.905500	-0.526500
9175	179	-6.162000	1.638000
9175	180	-6.961500	-2.262000
9192	169	-6.201000	1.287000
9205	179	-5.362500	1.423500
9210	181	-6.883500	-2.281500
9211	177	-3.100500	-0.955500
9212	180	-5.323500	-2.223000
9220	182	-6.883500	-2.184000
9234	179	-4.660500	1.092000
9248	181	-5.362500	-2.242500
9249	182	-5.713500	-2.145000
9255	180	-3.451500	-1.891500
9256	179	-4.114500	0.721500
9279	177	-3.295500	-0.936000
9280	179	-3.724500	0.429000
9281	182	-4.426500	-2.223000
9284	180	-2.398500	-1.248000
9294	181	-3.393000	-2.086500
9302	183	6.903000	-0.253500
9304	184	6.922500	0.273000
9317	180	-1.209000	-0.799500
9320	182	-2.847000	-1.891500
9322	181	-2.359500	-1.638000
9333	183	5.791500	-0.058500
9338	184	5.538000	0.370500
9344	181	-1.599000	-1.111500
9345	180	-0.136500	-0.819000
9347	182	-2.086500	-1.111500
9359	183	4.758000	-0.234000
9367	184	4.348500	0.312000
9368	181	-0.799500	-0.897000
9373	182	-1.150500	-0.877500
9380	180	1.267500	-1.033500
9390	183	3.471000	-0.370500
9395	179	-3.880500	0.273000
9397	184	3.120000	0.117000
9398	181	0.468000	-0.975000
9401	182	0.000000	-0.916500
9404	177	-3.003000	-1.111500
9414	180	2.808000	-0.858000
9420	179	-4.270500	-0.214500
9420	183	2.281500	-0.292500
9425	184	1.930500	0.351000
9435	181	1.872000	-1.072500
9436	182	1.540500	-1.014000
9439	178	-2.847000	-0.643500
9445	180	4.095000	-0.604500
9452	179	-5.343000	-0.877500
9457	183	0.877500	0.039000
9459	184	0.682500	0.351000
9472	181	3.529500	-0.936000
9478	182	3.256500	-0.838500
9483	180	5.557500	-0.429000
9485	178	-3.042000	-0.643500
9487	179	-7.020000	-1.365000
9487	185	6.961500	-0.097500
9495	183	-0.585000	0.136500
9498	184	-0.702000	0.585000
9500	112	-1.482000	-2.067000
9510	185	5.733000	0.117000
9511	169	-6.084000	1.443000
9515	181	5.226000	-0.799500
9516	182	4.680000	-0.780000
9523	180	7.039500	-0.370500
9536	185	4.465500	0.292500
9537	183	-2.281500	0.195000
9539	184	-2.145000	0.546000
9544	186	6.981000	1.774500
9550	112	-1.287000	-2.067000
9561	181	7.039500	-0.663000
9562	185	3.217500	0.273000
9569	70	-1.092000	-1.521000
9569	111	-0.702000	-2.164500
9578	112	-1.092000	-2.067000
9579	182	7.000500	-0.780000
9581	184	-3.568500	0.604500
9583	69	-1.482000	-1.384500
9583	186	6.025500	1.423500
9585	111	-0.195000	-2.164500
9585	183	-3.958500	0.195000
9596	177	-3.276000	-1.189500
9596	185	1.599000	0.195000
9597	69	-1.911000	-1.306500
9598	112	-0.741000	-1.599000
9599	70	-1.677000	-1.852500
9608	111	0.721500	-1.872000
9616	112	0.097500	-1.150500
9618	187	6.922500	-1.579500
9620	69	-2.515500	-1.443000
9622	186	4.855500	0.994500
9625	70	-2.749500	-2.145000
9626	184	-5.109000	0.585000
9630	188	6.903000	-1.599000
9633	112	1.092000	-1.033500
9635	178	-3.198000	-0.721500
9635	185	-0.370500	0.175500
9636	183	-5.694000	0.214500
9637	111	2.223000	-1.813500
9642	69	-3.315000	-1.540500
9650	177	-3.568500	-1.150500
9652	186	3.997500	0.565500
9658	70	-4.075500	-2.262000
9658	112	2.593500	-1.033500
9660	188	5.713500	-1.462500
9663	111	3.529500	-1.521000
9663	187	5.109000	-1.443000
9664	69	-4.309500	-1.579500
9664	178	-3.705000	-0.741000
9666	184	-6.240000	0.838500
9667	183	-6.649500	0.643500
9678	186	3.256500	0.351000
9679	185	-2.613000	0.039000
9681	112	3.802500	-0.799500
9682	111	4.270500	-1.053000
9683	188	5.011500	-1.501500
9686	187	4.446000	-1.716000
9692	70	-5.362500	-2.379000
9692	177	-4.719000	-1.150500
9692	183	-7.059000	1.228500
9697	188	4.680000	-1.599000
9701	112	4.914000	-0.468000
9702	69	-5.713500	-1.638000
9702	111	5.284500	-0.994500
9703	186	2.476500	0.526500
9705	178	-5.187000	-0.838500
9708	184	-6.961500	1.560000
9709	188	4.173000	-1.657500
9710	187	3.471000	-1.950000
9722	112	6.162000	-0.429000
9724	185	-4.465500	-0.214500
9726	186	1.774500	0.838500
9735	111	7.117500	-1.033500
9736	70	-7.039500	-2.476500
9739	112	7.020000	-0.604500
9739	178	-6.259500	-1.072500
9740	69	-6.961500	-1.755000
9741	187	2.125500	-2.067000
9741	188	2.847000	-1.735500
9757	186	0.955500	1.306500
9759	177	-6.981000	-1.423500
9764	178	-7.000500	-1.033500
9775	185	-7.000500	-0.351000
9777	188	1.170000	-1.794000
9783	187	0.448500	-2.047500
9787	186	0.331500	1.423500
9805	188	-0.019500	-1.755000
9812	186	-0.234000	1.404000
9826	187	-1.248000	-1.833000
9828	188	-0.916500	-1.560000
9841	186	-0.799500	1.482000
9841	189	-6.981000	-0.799500
9846	190	-6.883500	-0.273000
9855	188	-1.891500	-1.560000
9867	187	-2.808000	-1.794000
9874	186	-1.384500	1.560000
9876	189	-5.362500	-0.721500
9884	190	-5.304000	-0.312000
9889	188	-3.003000	-1.560000
9901	191	6.961500	-1.443000
9901	192	6.942000	-1.014000
9909	187	-4.582500	-1.989000
9914	193	-6.942000	1.560000
9917	189	-3.549000	-0.780000
9922	190	-3.412500	-0.312000
9928	186	-1.248000	1.716000
9932	188	-4.621500	-1.677000
9932	194	6.903000	-1.872000
9934	193	-6.181500	0.838500
9939	191	5.050500	-1.345500
9940	192	4.953000	-1.014000
9946	195	6.942000	-1.150500
9956	190	-1.969500	-0.507000
9959	189	-1.735500	-0.858000
9965	193	-4.563000	0.409500
9967	187	-7.020000	-2.145000
9967	194	5.031000	-2.067000
9970	188	-5.928000	-1.833000
9975	191	3.120000	-1.150500
9976	195	5.284500	-1.248000
9979	192	2.983500	-0.682500
9990	190	-0.487500	-0.682500
9991	193	-3.178500	-0.195000
9996	189	-0.195000	-1.248000
9996	194	3.393000	-2.262000
9999	188	-7.039500	-1.813500
10005	191	1.657500	-0.877500
10010	195	3.315000	-1.521000
10015	192	1.443000	-0.273000
10016	190	0.409500	-0.994500
10018	193	-1.872000	-0.799500
10026	189	1.014000	-1.423500
10032	191	0.448500	-0.546000
10032	194	1.306500	-2.281500
10035	195	1.989000	-2.008500
10038	190	1.248000	-1.111500
10047	193	-0.448500	-1.267500
10049	196	6.981000	-1.365000
10053	192	-0.390000	0.136500
10056	195	0.975000	-2.067000
10059	190	2.242500	-1.053000
10064	191	-1.014000	-0.429000
10070	189	2.983500	-1.443000
10071	193	0.858000	-1.501500
10072	194	-0.897000	-2.067000
10079	195	-0.195000	-1.891500
10079	196	5.577000	-0.955500
10081	186	-1.267500	1.638000
10083	190	3.276000	-0.994500
10087	192	-1.950000	0.195000
10102	193	2.632500	-2.125500
10104	186	-1.677000	1.521000
10104	189	4.563000	-1.833000
10106	196	4.212000	-0.682500
10108	191	-2.983500	-0.409500
10111	195	-1.833000	-1.794000
10113	194	-3.022500	-1.950000
10115	190	4.933500	-1.306500
10124	192	-3.588000	-0.156000
10126	197	-6.981000	1.209000
10129	193	4.095000	-2.554500
10135	186	-2.535000	1.189500
10136	196	2.788500	-0.682500
10145	191	-4.855500	-0.624000
10146	193	4.933500	-2.652000
10147	195	-3.685500	-1.657500
10149	198	-6.922500	1.306500
10150	194	-4.894500	-2.125500
10156	199	-6.903000	-1.384500
10157	190	6.961500	-1.248000
10158	189	7.020000	-1.891500
10158	197	-5.986500	0.838500
10159	192	-5.343000	-0.292500
10165	186	-3.393000	0.585000
10171	196	1.189500	-0.838500
10172	200	-6.844500	1.150500
10174	195	-5.167500	-1.716000
10176	198	-5.967000	1.053000
10180	199	-5.616000	-1.365000
10189	193	6.981000	-2.671500
10192	191	-7.039500	-0.799500
10192	192	-6.922500	-0.448500
10192	197	-4.875000	0.994500
10195	194	-7.020000	-2.359500
10196	186	-4.543500	-0.175500
10202	200	-5.713500	0.721500
10204	198	-4.816500	1.209000
10211	196	-0.448500	-0.936000
10213	201	-7.020000	-4.504500
10214	195	-7.176000	-1.794000
10215	199	-3.763500	-1.326000
10220	186	-5.499000	-0.819000
10225	197	-3.841500	1.033500
10233	200	-4.329000	0.585000
10234	198	-3.646500	1.326000
10238	202	-6.864000	1.365000
10243	201	-6.747000	-2.593500
10250	196	-2.164500	-0.916500
10253	186	-7.039500	-1.404000
10253	199	-1.599000	-1.482000
10260	197	-2.535000	0.877500
10263	198	-2.476500	1.287000
10265	202	-6.025500	0.780000
10266	200	-2.652000	0.604500
10270	201	-6.493500	-1.189500
10284	196	-3.588000	-1.111500
10289	169	-6.220500	1.579500
10296	202	-4.738500	0.468000
10297	200	-1.189500	0.292500
10298	197	-1.092000	0.682500
10299	199	1.014000	-1.228500
10300	198	-0.994500	1.053000
10303	201	-6.123000	0.331500
10315	169	-6.669000	1.560000
10318	196	-4.992000	-1.482000
10327	201	-6.220500	1.131000
10335	202	-3.003000	0.195000
10336	198	0.487500	0.682500
10336	199	3.081000	-1.248000
10336	200	0.429000	0.039000
10338	197	0.526500	0.331500
10340	169	-7.039500	1.833000
10351	201	-6.708000	1.618500
10363	196	-6.981000	-1.794000
10369	201	-7.059000	1.833000
10371	198	1.969500	0.370500
10373	200	1.911000	-0.390000
10376	202	-0.994500	-0.253500
10377	197	2.125500	-0.058500
10384	199	5.655000	-1.443000
10397	203	6.883500	-1.170000
10404	198	3.315000	0.058500
10404	200	3.315000	-0.760500
10404	204	6.942000	-2.418000
10409	199	7.000500	-1.716000
10415	197	3.724500	-0.331500
10415	202	0.975000	-0.370500
10419	203	5.967000	-1.209000
10426	200	4.270500	-0.819000
10426	204	5.869500	-2.554500
10443	203	4.836000	-1.384500
10445	198	4.953000	-0.136500
10449	197	5.206500	-0.546000
10451	200	5.401500	-0.897000
10455	202	2.944500	-0.429000
10456	204	4.465500	-2.593500
10473	203	3.451500	-1.326000
10483	204	3.178500	-2.515500
10486	202	4.387500	-0.604500
10487	200	6.942000	-1.209000
10492	197	6.961500	-0.897000
10492	203	2.613000	-1.170000
10493	198	7.020000	-0.468000
10498	204	2.496000	-2.379000
10500	202	5.109000	-0.838500
10518	202	6.006000	-0.975000
10518	203	1.482000	-1.033500
10518	204	1.560000	-2.164500
